1Х.4. Таблицы средних движений пяти планет 287
Юпитер
простые
30° 22” | 52" | 52"| 58"| 357 |329° | 25'| 1" | 52" | 28| 10"| о"
60 45 | 45 45 57 10 |298 | 50 3144 56 20 0
91 8 | 38 38 55 45 |268 | 15 5 | 37 24 30 0
4 121 31 | 31 31 54 20 |237 | 40 7 52 40
5 151 54 | 24 24 | 52 | 55 |207 5 9 20 | 50
6 182 17 117 17 51 30_|176 | 30 [11 49 0
7 212 40 | 10 10150 5 1145 | 55 | 13 7 17
8 242 3 К. 3 48 40 |115 | 20 | 14 159 45
9 273 25 | 55 | 56 | 47 15 | 84 | 45 | 16 | 52 13
48 | 48 49 45 50 | 54 | 10 44 41 40
А ЕННАНОНАНННЕН
34 | 34 35 | 43 0 |353 0 29 38 0
13 34 [24 |571 127 28 41 35 25 | 24 | 22
14 64 | 45 | 20 |20 21 40 10 50 | 26 | 14
15 95 5_| 43 | 13 14 | 38 45 15_| 28 7
16 125 | 26 6 6 7 37 20 |230 | 40 | 29 | 59 30 40
17 155 | 46 | 28 | 59 0 35 55 |200 5 | 31 51 58 50
18 186 6 [51 51 53 34 30 |169 | 30 133 1 44 27 0
09° 1 2" 28” 6 6" 56" 0° 15" 22" 367" 56" 57
0 24 | 56 12 13 52 0 30 | 45 13 | 52 10
0 37_| 24 18 | 20 48 0 46 7 50 | 48 15
4 52 27 45 9 30 27 | 44 20
5 20 34 41 И 53 4 | 40 25
6 48 41 37 13 15 41 | 36 30
7 27 42 | 48 15 | 47 18 35
9 52 55 2 20 | 18 32 45
4 | 41 1 22 22 46 50
17 9 7 19 24 8 55
29 | 37 13 15 27 31 0
13 42 5 19 | 30 и 19 | 54 0 9 5
14 54 | 33 25 | 37 8 35 | 16 37 5 10
15 7 1 31 | 44 4 50 | 39 14 1 15
нНАННАНЕНАНЕННН
17 31 | 57 43 | 57 56 38 24 27 | 53 25
18 44 | 25 | 50 4 | 53 40 47 4 | 49 30
19 56 | 53 56 | 11 49 42 | 52 9 41 45 35
НННБНИНАНАННЕЕЯ
21 21 | 50 8 | 25 42 47 | 22 | 54 55_| 37 45
34 | 18 14 38 49 17 50
46 | 46 20 34 51 40 55
59 | 14 26 31 54 2 0
