296 1Х.4. Таблицы средних движений пяти планет
Меркурий
простые
359° | 45' | 24" | 45" | 21"] 87| 35" | 53° | 56' | 42" | 32" | 32| 597 | 107
359 | 30 | 49 | 30| 42 | 17 | 10 |107 | 53 | 25 5 5 | 58 | 20
359 | 16 | 14. | 16 3 | 25 | 45 |161 | 50 7 | 37 | 38 | 57 | 30
4 [|359 1 | 39 24 | 34 | 20 1215 | 46 | 50 |100 | и | 56 | 40
5 [358 | 47 3 45 | 42 | 55 [|269 | 43 | 32 | 42 | 44 | 55 | 50
6 |358 | 32 | 28 6 | 51 | 30 [|323 | 40 | 15 | 15 | 17 | 55 0
7 [358 | 17 | 53 | 17| 28 0 5 | 17 57 |471 | 50 | 54
8 1358 3 | 18 2| 49 8140] 7 40 | 20 | 23 | 53
9 [357 | 48 | 42 | 48 | 10 | 17 | 15 [125 22 | 52 | 56 | 52
357 7 31 | 25 | 50 |179 | 27 5 | 25| 29] 51| 40
357 32 52 | 34 | 25 [233 | 23 | 47 | 58 2 | 50 | 50
357 57 13 | 43 0 |287 | 20 | 30 | 30 | 35 | 50 0
13 [356 | 50 | 21 | 49 | 34| 511 35 [341 | 17 | 13 3 8 | 49
14 [|356 | 35 | 46 | 34 | 56 о | 10 | 35 [13 | 55 | 35 [41 | 48
15 |356 |2 |1 | 20 | 17 8 | 45 | 89 | 10 | 38 8 | 14| 47
16 [|356 6 | 36 5381 [ 20 [143 7 | 20 | 40 | 47 | 46 | 40
17 [|355 | 52 о | 50 | 59 | 25| 55 [197 4 31| 13| 20 | 45 | 50
18 1355 | 37| 25 | 36 | 20 | 34 | 30 1251 0 | 45 | 45 | 53 | 45 0
ВЕВНАВИННАВИВЕВ
0 4 | 55 | 41 26 6 2 0 | 151 32 34 | 57 | 59
0 7 | 23 | 32 9 9 Е о | 23 | 18 52 | 26 | 58
4 51 52 | 12 5 31 4 9 | 55 | 58
5 19 35 | 15 6 38 | 50 27 | 24| 57
6 47 18 | 18 7 46 | 36 44 | 53 | 57
ННАННАВНЮНАНННЯА
8 19 45 | 44 | 24 2 8 19 | 51 56 |
9 22 36 | 27 | 27 9 | 54 37 | 20 | 56
24 | 38 |271 0 12 17 54 | 49 | 55
НННИНННННАНЕНВ
29 | 34 8 | 36 15 33 29 | 47 | 55
13 1 | 59 [19 | 39 | 16 40 | 58 3| 47 | 16 | 54
14 29 | 50 2 | 42 | 18 48 | 44 4 4 | 45 | 54
15 57| 40 | 45 | 45 | 19 56 | 30 4 | 22 | 14 | 53
16 39 | 25 28 | 48 16 4 | 39 53
НННННННЫЯВЯННЫЕ
18 44 | 21 54 | 54 48 5 | 14 52
46 | 49 31| 37157 | 24 27 51| 32| 10 | 52
НННННОВНННННЕНЫ
51 | 44 | 45 4 3] 27 43 6 7 8 | 51
54 | 12 | 35 | 47 50 | 52 24 | 37 | 50
56 [40 126 [30 58 | 38 42 6 | 50
