1Х.4. Таблицы средних движений пяти планет 285
Сатурн
30 16” | 45” | 44/'| 25" | 30| 28°) 33' | 51” | 50” | 51"| 507" | 0"
60 33 | 31 28 | 51 0 571 7143 | 41 43 | 40 0
90 50 | 17 13 | 16 30 85 | 41 | 35 | 32 35_| 30 0
120 4 7 2 57 | 42 114 | 15 127 | 23 27
150 5 23 | 48 42 7 142 | 49 | 19 | 14 19
180 6 40 | 34 26 | 33 171 | 23 | 11 5 И
240 8 14 5 55 | 24 228 | 30 | 54 | 46 54 | 40
270 9 30 | 51! 39 | 49 257 | 4 | 46 | 37 46 | 30
300 10 47 | 37 15 285 | 38 28
330 И 4 | 23 40 314 | 12 19
360 12 21 8 6 342 | 46 10
Глж_[ Пуыном —  [  Пеуеымюыми |
0 7 2 |157 42 54 | 15 | 27 23 | 27 20
0 40 34 | 26 33 51 | 23 [11 5 | 11 0
4 14 5 | 55 24 3 | 48 | 30 | 54 46 | 54 40
5 47 37 | 24 15 4 | 45 | 38 | 38 28 | 38 20
6 21 8 | 53 6 5 | 42 | 46 | 22 10 | 22 0
7 14 3 | 54 21 57 6 | 39 | 54 5 52 5 40
8 16 4 | 28 50 48 7 |137 1 | 49 33 | 49 20
9 18 5 1 19 39 8 | 34 9 | 33 15 | 33 0
10 5 | 35 14 | 48 31 17 | 16 57 | 16 40
19 6 8 46 | 17 28 | 25 0 39 0 20
12 6 | 42 17_]| 46 25 | 32 | 44 20 | 44 0
13 26 7 | 15 49 | 15 3 22 | 40 | 28 2 |127 40
14 28 7 | 49 20 | 43 54 19 1 4811 44 111 20
15 30 8 | 22 52 | 12 45 16 |155 | 55 25 | 55 0
16 8 156 23 36 | 15 | 14 3139 7 40
17 9 | 29 55 27 116 | п 11 | 22 49 20
18 10 3 26 18 | 17 8 | 19 6 31 0
38 | 10 | 36 58 8 9 1 18 5 50 12 | 49 40
40 | 11 10 29 | 37 0 | 19 2 33 54 | 33 20
42 | 11 |] 44 1 5 51 19 | 59 17 36 | 17 0
ЭНАННАВЫНЕВАВНЫ
46 51 4 21 | 53 |157 | 44 59 | 44 20
48 24 35 22 | 51 5_| 28 41_| 28 0
НННВВВНИАВАНВЯВЕ
26 52 | 14 | 31 38 | 30 6 | 24 | 45 56 55 20
27 54 | 15 5 9 | 58 57_| 25 | 42 39 39 0
28 56 | 15 | 38 27 48 | 26 36 | 23 28 | 22 40
29 58 | 16 |112 56 39 |127 44 7 10 6 20
30 0 | 16 | 45 25 30 | 28 51 | 50 51 | 50 0
