286 1Х.4. Таблицы средних движений пяти планет
Юпитер
Среднее положение [для начальной эпохи] Место апогея 2;9° Девы.
по долготе 4;41° Весов Среднее положение по аномалии 146;4°
периоды
18 186° 51" 51" 531" 347 3077 169° 33” 44" 2717 0" 07
36 12 43 | 43 47 9 0 |339 7 | 28 54 0 0
54 198 35_| 35 40 | 43 30_ [148 41 | 13 21 0 0
72 27 127 | 27 34 | 18 318 14 | 57 48
90 34 | 19 119 27 | 52 127 48 | 42 15
108 41 111111 21 | 27 297 22 | 26 42
126 48 3 3 15 106 133 | 56 |1
144 54 | 54 | 55 8 276 4 | 29 |155
162 1 | 46 | 47 2 85 | 35 3 | 40
180 61 8 55 | 45 255 5 |137 | 24 30
198 247 | 15 49 | 19 64 | 36 |1 8 57
216 73 | 22 42 | 54 234 6 | 44 | 53 24
234 259 14 | 14 28 37 | 18 | 37 51
252 85 6 6 3 7 | 52 | 22 18
270 271 57_| 58 37 38 | 26 6 45
288 97 | 49 50 17 | 12 192 8 159 |5
306 283 | 56 42 10 | 46 1 | 39 | 33 | 35
324 110 Е 34 4 | 21 171 | 10 7_| 20
342 296 | 10 |125 | 25 57 | 55 340 41 33
360 122 | 17 |117 117 51 | 30 150 14 0
378 308 | 24 9 9 45 4 319 48 27
396 134 | 31 1 1 38 | 39 129 22 | 17 54
414 320 | 37 | 52 | 53 32 | 13 298 56 2 21
432 146 | 44 | 44 | 45 25_| 48 108 29 | 46 48
450 332 | 51 | 36 | 37 22 277 | 44 3131 15
468 158 | 58 | 28 | 29 57 87 | 14 | 37 | 15 42
486 345 5 |120 |121 31 256 |451 0 9
504 171 12 12 13 0 6 66 15 | 44
522 357 | 19 4 4 53 | 40 235 | 46 | 18
540 183_| 25 | 55 | 56 47_| 15 45_| 16 | 52
558 9 47 | 48 40 | 49 47 | 25 157 57
576 195 39 [40 34 | 24 17 | 59 | 42 24
594 21 31 | 32 27 | 58 48 | 33 | 26 51
ЕАНВВАВНЕННИНАНВ
630 34 О | 15 | 16 15 7 172 | 49 | 40 | 55 45
648 220 7 7 8 8 | 42 342 | 20 | 14 | 40 12
666 46 | 13 | 59 0 2 | 16 151 | 50 | 48 | 24
684 232 | 20 | 50 | 51 55 | 51 321 | 21 | 22 9
702 58 [27 | 42 | 43 49 | 25 130 | 51 | 55 | 53
720 244 | 34 | 34 | 35 300 | 22 | 29 0
738 70 | 41 | 26 | 27 109 | 53 3 27
756 256 | 48 | 18 | 19 279 | 23 | 37 54
774 82 |55 110 п 23 | 43 88 | 54 | 10 | 51 21
792 269 2 2 3 17 | 18 258 |124 | 44 | 35 48
810 95 8 | 53 | 55 10 | 52 67 | 55 | 18 | 20 15
