52 11.8. Таблица времен восхода по дугам в десять градусов
Знаки | Десяти- Прямая сфера Авалитский залив Мероэ
зодиака | градус- | Наибольший день 12" | Наибольший день 12? | Наибольший день 138
БЕН
времена времена времена
20 9 15 18 25 8 39 17 14 85 16 3
30 9 25 27 50 8 52 26 6 8 17 24 20
Телец 10 9 40 37 30 98 35 14 8 36 32 56
20 9 58 47 28 9 29 44 43 91 41 57
30 10 16 57 44 9 51 54 34 9 27 51 24
Близнецы 10 10 34. 68 18 10 15 64 49 9 56 61 20
20 10 47 79 5 10 35 75 24 10 23 71 43
30 10 55 90 10 51 86 15 10 47 82 30
10 10 55 100 55 10 59 97 14 и 3 93 33
20 10 47 111 42 10 59 108 13 ии 104 44
30 10 34 122 16 10 53 119 6 11 12 115 56
Лев 10 16 132 32 10 41 129 47 115 127 1
9 58 142 30 10 27 140 14 10 55 137 56
9 40 152 10 10 12 150 26 10 44 148 40
Дева 10 9 25 161 35 9 58 160 24 10 33 159 13
20 9 15 170 50 9 51 170 15 10 25 169 38
30 9 10 180 0 9 45 180 0 10 22 180 0
Весы 9 10 189 10 9 45 189 45 10 22 190 22
9 15 198 25 9 51 199 36 10 25 200 47
9 25 207 50 9 58 209 34 10 33 211 20
Скорпион 10 9 40 217 30 10 12 219 46 10 44 222 4
20 9 58 227 28 10 27 230 13 10 55 232 59
30 10 16 237 44 10 41 240 54 11 5 244 4
Стрелец 10 10 34 248 18 10 53 251 47 11 12 255 16
20 10 47 259 5 10 59 262 46 ии 266 27
30 10 55 270 0 10 59 273 45 113 277 30
Козерог 10 10 55 280 55 10 51 284 36 10 47 288 17
МаНЕЕНЕЕЕНЕ
30 10 34 302 16 10 15 305 26 9 56 308 36
Водолей 10 10 16 312 32 9 51 315 17 9 27 318 3
20 9 58 322 30 9 29 324 46 91 327 4
30 9 40 332 10 98 333 54 8 36 335 40
Рыбы 10 9 25 341 35 8 52 342 46 8 17 343 57
20 9 15 350 50 8 39 351 25 8 5 352 2
30 9 10 360 0 8 35 360 0 7 58 360 0
