1Х.4. Таблицы средних движений пяти планет 293
Венера
простые
359° | 45’ | 24” | 45" | 211" 8"| 35" | 225° 32” | 28" | 34| 39° | 15"
359 | 30 | 49 | 30 | 42 | 17 | 10 | 90 4 | 57 9 | 18 | 30
359 | 16 | 14 | 16 3 | 25 | 45 [315 37 | 25 | 43 | 57 | 45
4 1359 1 | 39 24 | 34 | 20 [180 6 54 | 18 | 37 0
5 1358 | 47 3 45 | 42 | 55 | 45 7 22 | 53 | 16 | 15
6 [358 | 32 | 28 6 | 51 | 30 [270 9 51 | 27 | 55 | 30
7 [358 117 | 53 117 | 28 0 5 |135 | 10 | 47 | 20 2 | 34 | 45
8 [|358 3 | 18 2149 8 | 40 0 | 12 | 19 | 48 | 37 | 14 0
9 [357 | 48 | 42 | 48 | 10 | 17 | 15 [225 | 13 | 52 |117 | и | 53 | 15
357 | 34 7 31 | 25 | 50 | 90 | 15 | 24 | 45 | 46 | 32 | 30
ННВОНАНАНВНАВЫЯ
357 4 | 57 13 | 43 0 |180 | 18 | 29 | 42 | 55 [51 0
13 1356 | 50 |2 | 49 | 34| 51 | 35 | 45 2|и | 30| 30 | 15
14 |356 | 35 | 46 | 34| 56| 0 | 10 1270 34 | 40 5 9 | 30
15 1356 | 21 и | 20 | 17 8 | 45 [135 7 8 | 39 | 48 | 45
16 1356 6 | 36 5 | 38 |111 | 20 0 | 24 | 39 | 37 28 0
17 1355 | 52 0 | 50 | 59 | 25 | 55 [225 | 26 | 12 5 7 | 15
18 |355 [37 | 25 |136 | 20 | 34| 30 | 90 | 27 | 44 | 34 46 | 30
ВЕВАНАНННАННЫЕЕ
2 0 4 | 55 | 41 | 26 6 2 0 4 | 57 9 | 25 | 57
3 0 7 | 23 | 32 9 | 9 3 0 37 | 25 | 44 8 | 56
НННАНЕНАВАНААВЫ
5 12 | 19 35 | 15 6 7 | 42 | 22 | 53 134 | 53
6 14 | 47 18 | 18 7 9 | 14| 51 | 28 | 17 | 52
7 17 55 1121 47 | 20 3 50
НННННАНЕННННЕНЯ
9 22 36 | 27 | 27 52 | 17 | 12 48
24 | 38 | 27 | 10 12 15 | 24 | 45 | 47 9 | 46
НННИННННВННАВЫ
29 | 34 8 | 36 15 18 | 29 | 42 | 56 | 35 | 44
13 1 | 59| 19 | 39 | 16 20 2|и 18 | 42
НННЕННННЕНЫВАНЫ
15 57_| 40 | 45 | 45 | 19 23 7 8 44 | 40
16 39 | 25 28 | 48 24 37 | 15 | 27| 38
17 41 | 53 11 | 51 26 5 | 50 | 10 | 37
18 44 | 2! 54 | 54 27 34 | 24 | 53 | 36
46 | 49 31| 37 | 57| 24 29 | 17 59 | 36
ННННННЯННННЫНЫВ
51 | 44 | 45 4 3 | 27 32 | 22 9 2
54 | 12135 | 47 33 | 54 | 28 | 43 | 45 | 30
56 | 40 | 26 | 30 35 | 26 | 57| 18 | 28 | 29
59 8 | 17 | 13 36 | 59 | 25 | 53| и | 28
