22 1.11. Таблица прямых в круге
доли доли
и 0? 31' 25" 1’ 2” 50” 23° 23Р 55' 27" 1 133”
| 1 250 1 2 50 232 24 26 13 1130
1 1 34 15 12 50 24 24 56 58 1126
2 2 540 12 50 24% 25 27 41 1122
2% 237 4 12 48 25 25 58 22 1119
3 3 828 12 48 25% 26291 | 1115
4 411 16 12 47 262 27 30 14 118
М 4 42 40 12 47 27 28 0 48 114
5 5 15 4 12 46 27% 28 31 20 т1то
5 5 45 27 12 45 28 29 150 10 56
6 6 16 49 12 44 28/2 29 32 18 1 052
6/2 6 48 11 12 43 29 30 2 44 10 48
7 7 19 33 12 42 29% 30 33 8 1 044
7% 7 50 54 1 2 41 30 31 330 1040
8 8 22 15 12 40 302 31 33 50 1035
8% 8 53 35 12 39 31 32 48 1 031
9 9 24 54 1 2 38 Еву 32 34 22 1027
92 9 56 13 12 37 32 33 4 35 1 022
10 10 27 32 12 35 322 33 34 46 1017
10 10 58 49 1 2 33 33 34 4 55 1 012
11 11 30 5 1 2 32 33 34 35 1 108
112 12 121 12 30 34 355 5 1оз
12 12 32 36 12 28 342 35 35 6 0 59 57
12% 13 3 50 12 27 35 36 5 5 0 59 52
13 13 35 4 12 25 35% 36 35 1 0 59 48
13 14 616 12 23 36 37 4 55 0 59 43
14 14 37 27 1221 362 37 34 47 0 59 38
1412 15 8 38 1219 37 38 4 36 0 59 32
15 15 39 47 1217 37% 38 34 22 0 59 27
15% 16 10 56 12 15 38 39 4 5 0 59 22
16 16 42 3 12 13 382 39 33 46 0 59 16
162 17 13 9 1210 39 40 325 0 59 11
17 17 44 14 127 39% 40 33 0 0 59 5
18 18 46 19 122 402 41 32 3 0 58 54
19 17 21 120 41 42 130 0 58 48
19 19 48 21 11 57 412 42 30 54 0 58 42
192 20 19 19 11 54 42 43 015 0 58 36
20 20 50 16 11 51 42% 43 29 33 0 58 31
21 21 52 6 11 45 432 44 28 1 0 58 18
11 42 44 44 57 10 0 58 12
22 22 53 49 1139 44% 45 26 16 0 58 6
22% 23 24 39 11 36 45 45 55 19
