392 ХН.8. Таблица стояний. Значения уточненной аномалии
8. Таблица стояний. Значения уточненной аномалии 10 506-507
ЕЕ
Общие
стояние | стояние | стояние | стояние | стояние | стояние | стояние | стояние | стояние | стояние
0° |360° | 112°45' | 247°15' | 124° 5’ | 235°55' | 157°28' | 202°32' | 165°51' | 194° 9’ | 147°14' | 212°46'
6 | 354 | 112 45 |247 15|124 6|235 54 194 81147 131212 47
12 | 348| 112 46| 247 14|124 71235 531157 34 |202 26| 165 531194 71147 8|212 52
18 |342 | 112 48 | 247 12]124 9|235 51 |157 411202 19|165 55 |194 5|147 1|212 59
30 1330 |112 54 |247 61|124 16| 235 44|158 21201 581166 01194 01146 391213 21
36 (324112 58 |247 2124 21 |235 39| 158 18| 201 42| 166 4
42 | 318 |113 31246 57 |124 26| 235 34| 158 341201 26| 166 9 1193 511146 111213 49
54 | 306 |113 15| 246 45| 124 39| 235 21| 159 17| 200 43| 166 22| 193 38| 145 39| 214 21
159 421200 18| 166 29| 193 31| 145 23| 214 37
66 | 294 |113 291246 31| 124 55|235 51160 10| 199 50 |166 35| 193 25| 145 81214 52
72 | 288 |113 36 | 246 24125 3|234 57 |160 39 | 199 21 |166 42| 193 18| 144 58|215 2
78 234 48| 161 10| 198 50 | 166 50 | 193 10| 144 521215 8
84 | 276 |113 53 |246 7|125 22| 234 38| 161 44 |198 161166 58 |193 21144 46 | 215 14
90 | 270 |114 11245 59| 125 32| 234 281162 18 | 197 ри 53 | 144 40 |215 20
96 | 264 | 114 10| 245 50| 125 41 | 234 19| 162 54 |197 6|167 14| 192 46| 144 36 | 215 24
108 | 252 |114 271245 331126 01234 01164 91195 511167 281192 321144 301215 30
167 35 | 192 25| 144 30 | 215 30
120 | 240 | 114 43 |245 171126 191233 41 |165 25| 194 35| 167 431192 17| 144 29| 215 31
126 | 2341114 51 |245 9]126 28 |233 32| 166 31193 57 |167 501192 10]|144 29| 215 31
138 | 222 | 115 5|244 55 |126 44| 233 16| 167 8 1192 52| 168 11191 59| 144 31| 215 29 |
144 | 216 | 115 11 | 244 49| 126 51|233 9|167 39| 192 21| 168 6|191 54| 144 33 |215 27
156 | 204 | 115 21 |244 39|127 2|232 58| 168 28| 191 32| 168 141191 461144 371215 23
232 54| 168 46 |191 14| 168 17| 191 43| 144 38 | 215 22 |
168 | 192 |115 27| 244 331127 81232 52
127 10| 232 50 |169 81190 52 [168 20 [191 40 |144 40 |215 20
180 | 1801115 29| 244 31 |
|
|
|
