178 И1.3. Таблицы новолуний и полнолуний
Таблица полнолуний
периоды | [месяца] Тот от его апогея от апогея эпицикла от северного предела
ООО ОЕ ПООИЕ АОИ ПОЗОООООИИС ЗОО ОО ООО

1 9 58' 22" 274° 5’ 38" 26° 2' 45" 112° $7’ 15"
26 9 55 35 267 58 12 83 24 29 230 10 5
51 9 52 48 261 50 46 140 46 13 347_22 55
76 9 50 1 255 43 21 198 757 104 35 45
101 9 47 14 249 35 55 255 29 41 221 48 35
126 9 44 27 243 28 29 31251 25 339 125
151 9 41 40 237 И 3 10 13 9 96 14 14
176 9 38 52 231 13 38 67 34 53 213 27 4
201 9 36 5 225 6 12 124 56 37 330 39 54
226 9 33 18 218 58 46 182 18 21 87 52 44
251 9 30 31 212 51 20 239 40 5 205 5 34
276 927 44 206 43 54 297 1 49 322 18 24
301 9 24 57 200 36 29 354 23 33 79 31 14
326 9 22 10. 194 29 3 51 45 17 196 44 4
351 9 19 23 188 21 37 1097 1 313 56 54
376 9 16 36 182 1411 166 28 45 71 9 44
401 9 13 49 176 6 45 223 50 29 188 22 33
426 9112 169 59 20 281 12 13 305_35_23
451 9 8 15 163 51 54 338 33 57 62 48 13
476 9 527 157 44 28 35 55 41 180 13
501 9 240 151 37_2 93 17 25 297 13 53
526 8 59 53 145 29 37 150 39 9 54 26 43
551 8 57 6 139 22 11 208 053 171 39 33
576 8 54 19 133 14 45 265_22 37 288 52 23
601 8 51 32 127 719 322 44 21 46 5 13
626 8 48 45 120 $9 53 20 6 5 163 18 3
651 8 45 58 114 52 28 77_27 49 280 30 52
676 8 431 108 45 2 134 49 33 37 43 42
701 8 40 24 102 37 36 192 11 17 154 56 32
726 8 37 37 96 30 10 249 33 1 272 9 22
751 8 34 50 90 22 45 306 54 45 29 22 12
776 8 32 2 84 15 19 4 16 29 146 35 2
801 8 29 15 78 7 53 61 38 14 263 47 52
826 8 26 28 72 02 118 59 58 21 0 42
851 8 23 41 65 53 1 176 21 42 138 13 32
876 8 20 54 59 45 36 233 43 26 255 26 22
901 8 18 7 53 38 0 291 5 10 12 39 11
926 8 15 20 47 30 44 348 26 54 129 52 1
951 8 12 33 41 23 18 45 48 38 247 4 51
976 8 9 46 35 15 52 103 10 22 4 17 41
1001 8 659 29 827 160 32 6 121 30 31
1026 8 412 23 1 1 217 53 50 238 43 21
1051 8 125 16 53 35 275 15 34 355 56 11
1076 7 58 37 10 46 9 332 37 18 113 9 1
1101 7 55 50 4 38 44 29 59 2 230 21 51
