ТУ.4. Таблицы средних движений Луны 11
периоды [В начальную эпоху]: 354;15° [В начальную эпоху]: 70;37°
18 156 | 50 49| 19| 31 173 12| 26| 32| 49 10
36 313| 40 38 | 39 3 346 | 241! 53 5! 38| 21
54 110 | 30 27| 58| 34 159 | 37 19| 38| 27| 31
72 267 20| 39 17| 18 6 3321 49| 46 11 16| 42
90 64 10| 49 6| 37| 37 146 2 12| 44 5| 52
108 221 0| 581 55} 57 9 319 14| 39 16 | 55 3
126 17] 51 8| 45| 161 40 132 | 27 5: 49| 44 13| 30
144 174 | 41 18| 34| 36 12 305 | 39| 32: 22| 33| 24 0
162 331 31 28| 23| 55] 43 118 | 51 58| 55| 22| 34| 30
180 128 21 38| 13| 15 15 01| 292 4| 25 11 45
198 285 | 48 2| 34| 46| 30| 105| 16| 52 0 | 55
216 82 1 57 | 51 54 18 0 | 278 | 29 18 50 6
234 238 | 52 7| 41 13| 49 91 41 45 6| 39 16
252 35| 42 17| 30| 33| 21 2641 54 11 39| 28| 27
270 1921 32| 27| 19| 52| 52 78 6| 38| 12 17| 37
288 349 | 22| 37 9 12| 24 251 19 4| 45 6| 48
306 146 12| 46| 58| 31 55 64 | 31 31 17| 55| 58
324 303 2| 56| 47| 51! 27 237 | 43| 57| 50| 45 9
342 99 | 53 37 10| 58| 30| 50| 56| 24| 23| 341 19
360 256 | 43 26| 30 30 О | 224 8| 50| 56| 23| 30
378 53 | 33 15 | 50 1 30| 37| 21 171 _29 12| 40
396 210 | 23| 36 5 9| 33 0 | 210| 33| 44 2 1 51
414 7 13| 45| 54| 29 4| 30| 23| 46 101 34| 51 1
432 164 3| 55| 43| 48| 36 0 | 196 | 58| 37 7| 401 12
450 320 | 54 5| 33 8 7| 30 10| 11 3| 40| 29| 22
468 117 | 44 15} 22] 27] 39 0 | 183 | 23| 30 13 18 | 33
486 274 | 34| 25 11 47 10| 30| 356| 35| 56| 46 7] 43
504 71 24| 35 1 61| 42 169 | 48| 23 18| 56| 54
522 228 14| 44| 50| 26 13 343 0| 49| 51 46 4
540 25 4| 54| 39| 45| 45 156 | 13 16| 24| 35 15
558 181 55 4| 29 5 16 329| 25| 42| 57| 24| 25
576 338 | 45| 141 18| 241 48 142 | 38 9| 30 13| 36
594 135 | 35| 24 71 44 19 315 | 50| 36 3 2| 46
612 292 | 25| 33| 57 3| 51 0 | 129 3 2| 35| 51 57
630 89 15| 43| 46| 23| 22| 30| 302 | 15| 29 8| 41 7
648 246 5| 53] 35| 42| 54 0 | 115 | 27| 551 41 30| 18
666 42 | 56 25 2| 25 288 | 40| 22 14 19| 28
684 199 | 46 141 21 57 101 52| 48| 47 8! 39
702 356 | 36 31 41 28 275 5 15| 19| 57| 49
720 153 32| 53 1 88 | 17 41 52| 47 0 0
738 310 42| 42| 20 261 30 8| 25| 36| 10| 30
756 107 52| 31 40 74| 42| 34| 58| 25| 721 0
774 263 | 57 2| 20| 59| 34| 30| 247 | 55 1 31 14| 31
792 60 | 47 12 10 19 6 01| 61 7| 28 4 3| 42
810 217 37| _21 59, 38| 37] 30] 234] 19| 54| 36| 52| 52
