74 П.13. Таблица зенитных расстояний и углов эклиптики
Параллель через Борисфен. [Нанбольший день] 168. [Высота полюса] 48;32°
Часы Дугн Углы Углы Часы Дуги Углы Углы
восточные западные восточные западные
ОН ОИ ООО ИИ
0" | 24241’ 90° 0’ — 0" | 7223, 90° 0’ —
1 27 30 111 44 68° 16' 1 73 38 100 15 79° 45'
2 34 9 126 7 53 53 2 77 10 109 47 70 13
3 43 2 133 18 46 42 82 44 118 3 61 57
4 52 44 136 6 43 54 9 0 124 58 55 2
5 62 40 136 4 43 56
6 72 24 134 0 46 0
7 81 38 130 16 49 44
8 90 0 124 58 55 2
0 28 2 102 30 — 0 69 2 77 30 —
1 30 32 122 9 82 51 1 70 20 87 49 67 11
2 36 55 135 54 69 6 2 74 2 97 31 57 29
3 45 30 143 28 61 32 3 79 48 105 49 49 11
4 55 3 146 50 58 10 4 87 14 112 25 42 33
5 64 59 147 19 57 41 4 20 90 0 114 20 40 40
6 74 47 145 46 59 14
7 84 10 142 27 62 33
7 40 90 0 139 20 65 40
0 36 52 и 0 — 0 60 12 69 0 —
1 38 56 126 45 95 15 1 61 38 80 5 57 55
2 44 31 139 7 82 53 2 65 36 90 16 47 44
3 52 25 147 9 74 51 3 72 5 98 26 39 34
4 61 35 151 36 — 70 24 4 80 3 104 28 33 32
5 71 22 153 23 68 37 5 89 3 109 2 28 58
6 81 17 152 58 69 2 56 109 22 28 38
6 54 90 0 151 22 70 38
0 48 32 113 51 — 0 48 32 66 9 —
1 50 21 126 30 101 12 1 50 21 78 48 53 30
2 54 59 137 40 90 2 2 54 59 89 58 42 20
3 62 5 145 46 81 56 3 62 5 98 4 34 14
4 70 41 151 18 76 24 4 70 41 103 36 28 42
5 80 8 154 23 73 19 5 80 8 106 41 25 37
[в Го [1959 [128 | 6 | 90 | 10791
0 60 12 иг о — 0 36 52 690 —
1 61 38 122 5 99 55 1 38 56 84 45 53 15
2 65 36 132 16 89 44 2 44 31 97 7 40 53
3 72 5 140 26 81 34 3 52 25 105 9 32 51
4 80 3 146 28 75 32 4 61 35 109 36 28 24
5 89 3 151 2 70 58 5 71 22 ИТ 23 26 37
56 151 22 70 38 6 81 17 110 58 27 2
6 54 90 0 109 22 28 38
0 69 2 102 30 — 28 2 77 30 —
1 70 20 112 49 92 11 30 32 97 9 57 51
` 2 74 2 122 31 82 29 36 55 110 54 44 6
79 48 130 49 74 11 3 45 30 118 28 36 32
87 14 137 25 67 35 4 55 3 121 50 33 10
90 139 20 65 40 5 64 59 122 19 32 41
6 74 47 120 46 34 14
7 84 10 117 27 37 33
7 40 90 0 114 20 40 40
