1.8. Таблица времен восхода по дугам в десять градусов 55
зодиака градус- Наибольший день 162" Наибольший день 17"
ные Высота полюса 51;30° Высота полюса 54;1°
интер-
| РЕ
времена времена
Е ЕАН
4 12 8 17 3 43 7 19
4 31 12 48 40 11 19
Телец 4 56 17 44 4 26 15 45
5 34 23 18 5 4 20 49
6 25 29 43 5 56 26 45
Близнецы 10 7 29 37 12 75 33 50
20 8 49 46 1 8 33 43 23
30 10 14 56 15 10 7 52 30
10 И 36 67 51 11 43 64 13
20 12 45 80 36 131 77 14
30 13 39 94 15 14 3 91 17
Лев 10 14 7 108 22 14 36 105 53
777 20 14 22 122 44 14 52 120 45
30 14 24 137 8 14 54 135 39
Дева 14 19 151 27 14 50 150 29
14 18 165 45 14 47 165 16
14 15 180 0 14 44 180 0
Весы 10 14 15 194 15 14 44 194 44
20 14 18 208 33 14 47 209 31
30 14 19 222 52 14 50 224 21
Скорииоп 14 24 237 16 14 54 239 15
14 22 251 38 14 52 254 7
14 7 265 45 14 36 268 43
Стрелец 10 13 39 279 24 14 3 282 46
20 12 45 292 9 131 295 47
30 11 36 303 45 11 43 307 30
Козерог 10 14 313 59 0 7 317 37
ЕЕ
7 29 330 17 75 333 15
Водолей 6 25 336 42 5 56 339 11
5 34 342 16 5 4 344 15
4 56 347 12 4 26 348 41
10 4.31 351 43 40 352 41
20 4 12 355 55 3 43 356 24
30 4 5 360 0 3 36 360 0
