П.13. Таблица зенитных расстояний и уелов эклиптики 73
Параллель через Средний Понт. [Наибольший день] 1528. [Высота полюса] 45;1°
Часы Дуги Углы Углы Часы Дуги Углы Углы
восточные западные восточные западные
| м |
0 | 21210, 90° 0’ — 68° 52’ 90° 0’ —
1 24 32 116 5 63° 55’ 70 14 101 и 78° 49’
2 32 12 131 30 48 30 74 5 ит 30 68 30
3 42 1 138 17 41 43 3 80 6 120 29 59 31
4 52 29 140 31 39 29 4 87 42 128 13 51 47
5 63 4 140 2 39 58 4 15 90 129 21 50 39
6 73 24 137 32 42 28
7 83 17 133 26 46 34
7 45 90 0 129 21 50 39
0 24 31 102 30 — 0 65 31 77 30 —
1 27 29 124 49 80 11 1 66 55 88 50 66 10
2 34 48 140 47 64 13 2 70 58 99 21 55 39
3 44 20 148 5 56 55 3 77 14 108 19 46 41
4 54 37 151 5 53 55 4 85 10 115 20 39 40
5 65 15 151 7 53 53 4 32 9 0 118 25 36 35
6 75 39 149 20 55 40
7 85 39 145 39 59 21
7 28 90 0 143 25 61 35
0 33 31 1 о — 56 41 69 0 —
1 35 43 129 15 92 45 58 19 81 31 56 29
2 42 4 142 50 79 10 62 49 92 16 45 44
3 50 46 151 9 70 51 3 69 42 101 12 36 48
4 60 44 155 51 66 29 4 78 16 107 31 30 29
5 71 12 157 3 64 57 5 87 56 112 6 25 54
6 81 46 156 31 65 29 5 12 25 17
6 48 9 0 154 43 67 17
0 45 1 113 51 — 0 45 1 66 9 —
1 46 55 128 19 99 23 1 46 55 80 37 51 41
2 52 17 140 26 87 16 2 52 17 92 44 39 34
3 60 1 149 4 78 38 60 1 101 22 30 56
4 69 19 154 48 72 54 69 19 107 6 25 12
5 79 28 157 55 69 47 79 28 110 13 22 5
[о | 1850 | в |6 | хо ша | Ию
0 56 41 и 0 — 33 21 69 0 —
1 58 19 123 31 98 29 35 43 87 15 50 45
2 62 49 134 16 87 44 42 4 100 50 37 10
69 42 143 12 78 48 50 46 109 9 28 51
78 16 149 31 72 29 60 44 113 31 24 29
87 56 154 6 67 54 71 12 115 3 22 57
5 12 154 43 67 17 6 81 46 ` 23 29
6 48 90 0 25 17
бе бы |
65 31 102 30 — 24 31 77 30 —
66 55 113 50 91 10 27 29 99 49 55 1
70 58 124 21 80 39 34 48 115 47 39 13
77 14 133 19 71 41 3 44 20 123 5 31 55
85 10 140 20 64 40 4 54 37 126 5 28 55
90 143 25 61 35 5 65 15 126 7 28 53
6 75 39 124 20 30 40
7 85 39 120 39 34 21
1 28 9 0 118 25 36 35
