11.2. Таблицы средних движений Солнца 83
210-215 2. Таблицы средних движений Солнца
Расстояние [по аномалии] от апогея в начальную эпоху: 265;15°.
Средняя долгота в начальную эпоху: 0;45° Рыб
1 8-летние Хр
периоды
18 355 37 25 36 20 34
36 351 14 51 12 41 9
54 346 52 16 49 1 43
72 342 29 42 25 22 18 0
90 338 7 8 | 42 52 30
108 333 44 33 38 3 27 0
126 329 21 59 14 24 30
144 324 59 24 50 44 0
162 320 36 50 27 5 30
180 316 14 16 25 45
198 зи 51 41 46 19
216 307 29 7 6 54
234 303 6 32 52 27 28 30
252 298 43 58 28 48 3 0
270 294 21 24 5 8 37 30
288 289 58 49 41 29 12
306 285 36 15 17 49 46
324 281 13 40 54 10 21
342 276 51 6 30 55
360 272 28 32 51 30
378 268 5 57 12 4
396 263 43 23 19 32 39
414 259 20 48 55 53 13
432 254 58 14 32 13 48
450 250 35 40 8 34 22 30
468 246 13 5 44 54 57 0
486 241 50 31 21 15 31 30
504 237 27 56 57 36 6
522 233 5 22 33 56 40
540 228 42 48 10 17 15
558 224 20 13 46 37 49
576 219 57 39 22 58 24
594 215 35 4 59 18 58
612 211 12 30 35 39 33
630 206 49 56 12 0 7
648 202 °27 21 48 20 42
666 198 4 47 24 41 16
684 193 42 13 1 1 51
702 189 19 38 37 22 25
720 184 57 4 13 43
738 180 34 29 50 3
756 176 11 55 26 24
774 171 49 21 2 44 43 30
792 167 26 46 39 5 18 0
810 163 4 12 15 25 52 30
