У1.3. Таблицы новолуний и полнолуний 177
466-471 3. Таблицы новолуний и полнолуний
Таблица новолуний
периоды | [месяца] Тот от его апогея от апогея эпицикла от северного предела
ОО ЕО ОЕ ООН ПО О ПЕ ОО

1 24% 44’ 17" 288° 38’ 50” 218° 57’ 15" 308° 17’ 21”
26 24 41 30 282 31 24 276 18 59 65 30 11
51 24 38 43 276_23 58 333 40 43 182 43 1
76 24 35 56 270 16 33 31 22 299 55 51
101 24 33 9 264 9 7 88 2411 57 841
126 24 30 22 258 141 145 45 55 174 21 31
151 24 27 35 251 54 15 203 7 39 291 34 20
176 24 24 47 245 46 50 260 29 23 48 47 10
201 24 22 0 239 39 24 317 5:7 166 00
226 24 19 13 233 31 58 15 12 51 283 12 50
251 24 16 26 227 24 32 72 34 35 40 25 40
276 24 13 39 22} 17 6 129 56 19 157_38 30
301 24 10 52 215 941 187 18 3 274 51 20
326 24 8 5 209 215 244 39 47 32 40
351 24__5 18 202 54 49 302 131 149 17 0
376 24 231 196 47 23 359 23 15 266 29 50
401 23 59 44 190 39 57 56 44 59 23 42 39
426 23 56 57 184 32 32 114 6 43 140 55 29
451 23 54 10 178 25 6 171 28 27 258 8 19
476 23 51 22 172 17 40 228 50 11 1521 9
501 23 48 35 166 10 14 286 11 55 132 33 59
526 23 45 48 160 249 343 33 39 249 46 49
551 23 43 1 153 55 23 40 55 23 6 59 39
576 23 40 14 147 47 57 98 177 124 12 29
601 23 37 27 141 40 31 155 38 51 241 25 19
626 23 34 40 135 33 5 213 0 35 358 38 9
651 23 31 53 129 25 40 270 22 19 115 50 58
676 23 29 6 123 18 14 327 44 3 233 3 48
701 23 26 19 117 10 48 25 5 47 350 16 38
726 23 23 32 11 3 22 82 27 31 107 29 28
751 23 20 45 104 55 57 139 49 16 224 42 18
776 23 17 57 98 48 31 19711 0 341 55 8
801 23 15 10 92 41 5 254 32 44 99 7 58
826 23 12 23 86 33 39 311 54 28 216 20 48
851 23 9 36 80 26 13 9 16 12 333 33 38
876 23 6 49 74 18 48 66 37 56 90 46 28 .
901 2342 68 11 22 123 59 40 207 59 17
926 23 115 62 3 56 181 21 24 325 127
951 22 58 28 55 56 30 238 43 8 82 24 57
976 22 55 41 49 49 4 296 452 199 37 47
1001 22 52 54 43 41 39 353 26 36 316 50 37
1026 22 50_7 37 34 13 50 48 20 714 327
1051 22 47 20 31 26 47 108 10 4 191 16 17
1076 22 44 32 25 19 21 165 31 48 308 297
1101 22 41 45 1911 56 222 53 32 64 41 57
