11.13. Таблица зенитных расстояний и углов эклиптики 69
Параллель через Сиену. [Наибольший день] 13и. [Высота полюса] 23;51°
Часы | Дуги Углы Углы Часы | Дуги Углы Углы
восточные западные восточные западные
Е О ООО ООО
0" 00’ 90° 0’ — 0 47° 42’ 90° 0’ —
1 13 43 176 15 3° 45' 1 49 52 108 3 71° 57’
2 27 23 173 51 6 9 2 55 52 123 31 56 29
3 41 20 168 15 11 45 3 64 37 135 37 44 23
4 54 27 166 51 13 9 4 75 12 144 57 35 3
5 67 42 162 42 17 18 5 86 54 152 0 28 0
6 80 36 157 59 22 1 5 15 153 46
6 45 | 90 0 153 46 26 14
0 321 102 30 — 0 44 21 77 30 —
1 14 18 176 4 28 56 1 46 40 96 30 58 30
2 27 56 180 0 25 0 2 53 4 112 16 42 44
3 41 44 179 3 25 57 3 62 18 124 25 30 35
4 55 14 177 18 27 42 4 73 20 132 58 22 2
5 68 43 173 40 31 20 5 85 23 139 46 15 14
6 81 52 168 56 36 4 5 22 141 53 137
6 38 | 90 0 166 53 38 7
0 12 1 11 0 — 0 35 31 69 0 —
1 18 42 158 40 63 20 1 38 25 91 15 46 45
2 30 57 173 44 48 16 2 46 2 108 18 29 42
3 44 22 178 3 43 57 3 56 30 119 41 18 19
4 58 1 180 0 42 0 4 68 31 127 5 10 55
5 71 43 179 15 42 45 5 81 22 132 30 5 30
85 20 177 39 44 21 5 39 134 41 3 19
90 0 176 41 45 19
0 23 51 113 51 — 0 23 51 66 9 —
1 27 56 144 10 83 32 1 27 56 96 28 35 50
2 37 36 162 13 65 29 2 37 36 114 31 17 47
3 49 42 171 45 55 57 3 49 42 124 3 8 15
4 62 47 176 59 50 43 4 62 47 129 17 31
5 76 20 179 3 48 39 5 76 20 131 21 0 57
6 |0 | 1800 [| 4742 [6 [900 | 13218 | 00|
35 31 111 0 — 0 12 11 69 0 —
38 25 133 15 88 45 1 18 42 116 40 21 20
46 2 150 18 71 42 2 30 57 131 44 6 16
3 56 30 161 41 60 19 3 44 22 136 3 157
4 68 31 169 5 52 55 4 58 1 138 0 оо
5 81 22 174 30 47 30 5 71 43 137 15 0 45
5 39 176 41 45 19 85 20 135 39 221
90 0 134 41 3 19
| Бы
0 44 21 102 30 — 321 77 30 —
1 46 40 121 30 83 30 14 18 151 4 3 56
2 53 4 137 16 67 44 27 56 155 0 оо
3 62 18 149 25 55 35 3 41 44 154 3 0 57
4 73 20 157 58 47 2 4 55 14 152 18 2 42
5 85 23 164 46 40 14 5 68 43 148 40 6 20
5 22 166 53 38 7 6 81 52 143 56 11 4
6 38 | 90 0 141 53 13 7
