Х1.11. Таблицы для определения долеот пяти планет 369
440-441 Марс
Апогей иа 16;40° Рака
Общие Проста- Разность Разность Проста- Разность Шестиде-
числа ферез проста- вычи- ферез прибав- | сятые доли
по долготе фереза таемая аномалии ляемая
ОЕ ЕЛИ ПЕНИ ПОВЕСИЛИ ПОНИ ПОНЕ-ВИНИ
[о 354° 1° 0’ +0° 5’ 0° 8' 2 24' 0° 9’ —59' 53"
12 348 20 +0 10 0 16 4 46 0 18 —58 59
18 342 2 58 +0 5 0 24 78 0 28 —57_51
24 3 56 +0 20 0 33 9 30 0 37 —56 36
30 4 52 +0 24 0 42 11 51 0 46 —54 34
36 5 46 +0 27 0 51 14 11 0 56 —52 11
42 318 6 39 +0 28 10 16 29 16 —49 28
48 312 7 28 +0 29 19 18 46 1 16 —46 17
54 306 8 14 +0 28 1 18 210 1 28 —42 38
60 300 8 57 +0 27 1 27 23 13 1 40 —38 8
66 294 9 36 +0 24 1 37 25 22 1 53 —33 26
72 288 10_9 +0_20 1 49 27 29 2 6 —28 20
78 282 10 38 +0 15 21 29 32 219 —22 47
84 276 11 2 +0 10 2 14 31 30 2 33 —16 33
90 270 11 19 +0 _4 2 28 33 22 2 45 -—10 _5
93 267 11 25 +0 0 2 35 34 15 257 — 6 34
96 264 11 29 -0 4 2 42 35 6 36 -33
99 261 11 32 —0_8 2 49 35 56 3 15 +0 5
102 258 —0 12 2 56 36 43 3 25 + 3 13
105 255 —0 16 34 37 27 3 36 +6 1
108 252 —0 19 3 13 38 9 3 47 + 8 49
11 249 11 22 —0 22 3 22 38 48 3 58 +11 44
114 246 11 14 —0 25 3 32 39 24 4 9 +14 38
117 243 115 —0 28 3 43 39 56 4 21 +17 33
120 240 10 53 —0 31 3 54 40 23 4 35 +20 27
123 237 10 39 —0 33 4 4 40 44 4 50 +23 35
126 234 10 _23 —0 35 4 14 40 59 5_5 +26 42
129 231 10 4 —0 37 4 24 41 7 5 21 +29 31
132 228 9 44 —0 39 4 35 41 9 5 37 +32 20
135 225 9 21 —0 40 4 45 41 _2 5 55 +35 9
138 8 55 —0 41 4 56 40 45 6 14 +37 58
ЕЕ
144 7 59 —0 41 5_18 39 37 6 53 +43 12
147 213 7 27 —0 40 5 28 38 40 7 12 +45 26
150 210 6 54 —0 38 5 34 37 25 7 30 +47 39
153 207 6 19 -0 36 5_38 35 52 745 +49 50
156 204. 5 41 —0 33 5 38 33 53 7 58 +52 1
` 159 201 5 3 —0 30 5 34 31 30 8 3 +53 47
162 198 4 22 —0 27 5 18 28 35 7 58 +55 32
165 195 3 41 —0 23 4 52 25 3 7 47 +56 44
168 192 2 58 —0 19 4 18 21 0 76 +57 55
171 189 2 14 —0 15 3 32 16 25 5 59 +58 49
174 186 1 30 —0 10 227 11 15 4 26 +59 43
177 183 0 45 —0 5 1 16 5 45 2 20 +59 52
180 180 оо оо оо оо оо +60 0
