1Х.4. Таблицы средних движений пяти планет 289
Марс
Среднее положение [для начальной эпохи] Место апогея 16;40° Рака.
по долготе 3;32° Овна Среднее положение по аномалии 327;13°
периоды

18 | 203° 20”| 17”| 34”"| 43" | 30" | 152° 5" |18”"| 4577] 51"| 0"
36 46 40 | 35 9 |127 0 1305 10 | 37 31 | 42 0
54 249 0 | 52 44 | 10 30 | 97 15 | 56 17 | 33 0
72 92 | 17 10 18 | 54 250 | 12 15 3 1 24
90 295 | 21 27 53 | 37 42 | 45 33 49 | 15
108 128 | 26 45 28 | 21 195 | 18 52 35 6
126 341 3 4 347 | 51 [37 |1 20 | 57
144 184 37 | 48 140 | 24 | 42 | 30 6 | 48
162 27 12 | 31 292 | 57 | 47 | 48 52 | 39
180 230 | 43 55 47 | 15 85 | 30 | 53 7 38
198 73 | 47 13 21 | 58 238 3 | 58 | 26 24
216 276 | 52 30 56_| 42 30_| 37 3 | 45 10
234 56 48 25 183 | 10 9 3 56 3
252 0 6 9 335 | 43 | 14 | 22 41 | 54
270 5 23 52 128 | 16 | 19 | 41 27_| 45
288 9 24 | 41 15 280 | 49 | 25 0 13 | 36
306 212 44 | 58 50 73 | 22 | 30 | 18 59 | 27
324 55 5 | 16 25 225 | 55 | 35 | 37 45 _| 18
342 258 25 | 33 59 18 40 | 56 31
360 101 45 | 51 34 171 46 | 15 17
378 304 6 9 9 323 51 | 34 2
396 147 | 35 | 26 43 | 57 116 7 | 56 | 52 48
414 350 | 39 | 46 18 | 40 268 | 41 211 34
432 193 | 44 7 53 | 24 61 | 14 7 | 30 20
450 36 | 48 | 27 | 19 28 7 213 | 47 49 6 | 15
468 239 | 52 | 47 | 37 2 | 51 6 | 20 7 52 6
486 82 |57 7 | 54 37 | 34 158 | 53 26 37 | 57
504 286 1 128 | 12 12 | 18 311 | 26 | 28 | 45 48
522 129 5 | 48 | 29 47 1 103 | 59 | 34 4 39
540 332 | 10 8 | 47 21 | 45 256 | 32 | 39 | 22 30
558 175 29 56 | 28 49 5 |144 | 41 41 | 21
576 18 49 31 | 12 201 | 38 | 50 0 27 | 12
594 221 9 5 155 354 [11 155 | 19 13 3
612 64 [27 | 29 | 57 40 146 | 45 0 | 37 58 | 54
630 267 | 31 | 50 | 15 15 299 | 18 5 156 44 | 45
648 110_| 36 | 10 | 32 50 91 |151 [11 | 15 30 | 36
666 313 140 | 30 | 50 244 | 24 | 16 | 34 16 | 27
684 156 | 44 | 51 7 36 157 | 21 | 53 2 | 18
702 359 | 49 | 11 | 25 189 | 30 | 27 | 11 48 9
720 202 | 53 | 31 | 43 9 0 342 32 | 30 34 0
738 45 |57 | 52 0 43 | 43 134 37 | 49 19 |5
756 249 2 | 12 | 18 18 | 27 287 43 8 5 | 42
774 92 6 | 32 | 35 53 | 10 79 | 42 | 48 | 26 51 | 33
792 295 | 10 | 52 | 53 27 | 54 232 | 15 | 53 | 45 37 | 24
810 138 | 15 |133 п 237 24 | 48 | 59 4 23 | 15

10 К. Птолемей
