Х1.1. Таблицы для определения долгот пяти планет 367
436-437 11. Таблицы для определения долгот пяти планет
Сатурн
Апогей на 14;10° Скорпиона
Общие Проста- Разность Разность Проста- Разность | Шестиде-
числа ферез проста- вычи- ферез прибав- |сятые доли
по долготе фереза таемая аномалии ляемая
ОЕ ООО ООВ ПОЗ ПО ОИ ПОЗ ПАО ОИ ПО ОИИ
6 354° 0° 37' +0° 2’ 0° 2’ 0° 36' 0° 2’ —60’ 0"
12 348 1 13 +0 4 о 4 111 о 4 —58 30
18 342 1 49 +0 6 0_5 1 45 07 =57 0
24 336 2 23 +0 8 о 7 2 18 о9 —55 30
30 330 257 +0 9 о8 2 50 011 —52 30
36 324 3 29 +0 10 0 10 3 20 0 13 —49 30
42 318 3 59 +0 11 011 3 49 0 15 —46 30
48 312 4 28 +0 1 0 12 4 17 0 17 —43 30
54 306 4 55 +0 10 0 14 4 42 0 19 -39_0
60 300 5 20 +0 9 0 15 5 4 0 20 —34 30
66 294 5 42 +0 8 0 17 5 25 0 20 —30 0
72 288 60 +07 0 _18 5 42 0 21 -24_0
78 282 6 14 +0 5 0 18 5 55 0 21 —18 0
84 276 6 24 +0 3 0 19 65 0 22 —12 0
90 270 6 30 +0_1 0 19 6 12 0 22 — 4 30
93 267 оо 0 20 0 23 -0 45
96 264 —0 2 0 20 0 23 + 2 32
99 261 -0 3 0 20 0 24 + 5 51
102 258 6 30 —0 4 0 21 6 12 0 24 +98
105 255 6 27 —0 5 0 21 69 0 24 +11 45
108 252 б 23 -0_6 0 20 6_5 0 25 +14_21
111 249 6 19 —0 7 0 20 60 0 25 +16 58
114 246 6 14 08 0 20 5 55 0 24 +19 31
117 243 67 -0_9 0 19 5_48 0_ 24 +22 11
240 5 59 —0 10 0 19 5 40 0 23 +24 47
237 5 50 —0 10 0 19 5 31 0 23 +27 24
234 5_ 39 —0 11 0 18 5_21 0 22 +30 _0
129 231 527 0 18 5 10 0 22 +32 37
132 228 5 14 0 17 4 58 0 21 +35 13
135 225 5__0 0 17 4 45 0 20 +37 50
138 222 4 45 —0 12 0 16 4 31 0 19 +40 26
141 219 4 29 —0 12 0 15 4 16 0 18 +43 3
144 216 4 12 -0 12 0 14 40 0 17 +45 _39
147 213 3 54 0 14 3 43 0 15 +47 37
150 210 3 35 О 12 3 25 0 14 +49 34
153 207 3 16 011 31 0 13 +51 32
. 156 204 2 56 —0 10 0 10 2 48 0 12 +53 29
159 201 2 36 -_0 9 9 2 29 011 +54 49
162 198 2 15 -0_8 07 2_9 0 10 +56 _6
165 195 1 53 -0 7 об 1 48 о8 +57 24
171 189 19 -0_5 0 5 16 05 +59 _21
174 186 0 47 03 о 4 0 45 о 4 +60 0
177 183 0 24 -0 2 0 2 0 23 о 2 +60 0
180 180 оо оо оо оо оо +60 0
