1.11. Таблица прямых в круге 25
доли доли
135/° 111Р 3' 54" 0’ 23" 40" 158° 117Р 47’ 43" 0’ 11” 51”
136 111 15 44 0 23 25 158% 117 53 39 0 11 35
1362 111 27 26 0 23 9 159 117 59 27 011 19
137 111 39 1 0 22 54 159% 118 57 011 3
1372 111 50 28 160 118 10 37 0 10 47
138 112 147 0 22 24 1602 118 16 1 0 10 31
1382 112 12 59 0 22 8 161 118 21 16 0 10 14
139 112 24 3 0 21 53 1612 118 26 23 0 9 58
139% 112 35 0 0 21 37 162 118 31 22 0 942
140 112 45 48 021 22 1622 118 36 13 0 925
1402 112 56 29 021 7 163 118 40 55 099
141% 113 17 25 0 20 36 164 118 49 56 0 837
142 113 27 44 0 20 20 1642 118 54 15 0 820
142% 113 37 54 020 4 165 118 58 25 о 8 4
143 113 47 56 0 19 49 165% 119 2 26 0 7 48
143% 113 57 50 0 19 33 166 119 620 0 731
144 114 7 37 0 19 17 1662 119 10 6 0 715
144% 114 17 15 019 2 167 119 13 44 0 659
145 114 26 46 0 18 46 1672 119 17 13 0 6 42
145% 114 36 9 0 18 30 168 119 20 34 о 6 26
146 114 45 24 0 18 14 168% 119 23 47 0 610
146% 114 54 31 169 119 26 52 0 5 53
147 115 3 30 0 17 43 1692 119 29 49 0 537
147% 115 12 22 0 17 27 170 119 32 37 0520
148 115 21 6 1702 119 35 17 054
1482 115 29 41 0 16 55 171 119 37 49 0 4 48
149 115 38 9 0 16 40 171 119 40 13 0 431
14912 115 46 29 0 16 24 172 119 42 28 0 414
1502 116 2 44 173 119 46 35 0 342
151 116 10 40 0 15 36 173% 119 48 26 о 326
151% 116 18 28 0 15 20 174 119 50 8 оз9
152 116 26 8 0 15 4 1742 119 51 43 0 253
152% 116 33 40 175 119 53 10 0 236
153 116 41 4 0 14 32 175% 119 54 27 о 220
153% 116 48 20 0 14 16 176 119 55 38 023
154 116 55 28 0 14 0 1762 119 56 39 0147
155 117 920 0 13 28 177% 119 58 18 0 114
155% 178 119 58 55 0 057
156 117 22 40 0 12 56 17802 119 59 24 0 041
1562 117 29 8 0 12 40 179 119 59 44 0 0 25
157 117 35 28 0 12 24 179% 119 59 56 оо09
