Х!.11. Таблицы для определения долгот пяти планет 371
444-445 Меркурий
Апогей на 1;10° Клешней
Общие Проста- Разность Разность Проста- Разность Шестиде-
чнсла ферез проста- вычи- ферез прибав- сятые доли
подолготе фереза таемая аномалии ляемая
ЕЛИ ПЕ ПЕ ПЕ И ПОС ЗВОИЯ ПООИ ПОЕ- ЗИ
6° | 354° 0° 18’ —0° 1’ 0° 10' 1° 38' 0°5’ —59’ 20"
12 348 0 34 —0 2 0 20 3 16 011 —57 20
18 342 0 51 =0_4 0 29 4 53 0 17 —54 40
24 336 17 -0 5 0 39 6 29 0 23 —50 40
36 324 1 37 -=0_4 0 59 9 36 0 34 —39 40
42 318 151 —0 4 18 11 6 0 40 —33 0
54 306 2 15 =0 1 1 28 13 58 0 50 —18 0
60 300 2 25 оо 1 39 15 18 0 56 —10 20
66 294 2 34 +0 2 1 49 16 33 14 - 220
72 288 24! +0 _4 1 59 17 43 111 + 9 14
78 282 2 46 +0 6 18 47 117 +20 0
ЕН
90 270 252 +09 20 33 1 29 +39 28
93 267 2 52 +0 10 2 34 20 54 1 32 +43 31
96 264 2 52 +0 10 2 39 21 14 1 35 +47 34
99 261 251 +0 11 2 44 21 29 1 38 +50 0
102 | 258 2 50 +0 10 2 48 21 42 1 41 +52 26
108 | 252 2 46 +0 10 2 58 21 59 1 46 +57 18
111 | 249 2 44 +0 9 22 2 1 49 +58 23
114 | 246 241 +0 9 22 1 1 52 +59 28
117 | 243 2371 +0_9 21 56 1 55 +59 44
120 | 240 2 33 +0 8 38 21 47 1 57 +60 0
126 | 234 2 23 +07 310 21 15 20 +59 23
129 | 231 2 18 +0 6 3 12 20 53 20 +58 39
132 | 228 2 12 +0 6 3 12 20 25 21 +57 50
135 | 225 2_6 +05 39 19 50 21 +56 46
138 | 222 20 +0 4 36 19 10 20 +55 41
141 | 219 1 53 +0 4 32 18 24 20 +54 3
144 |216 1 46 +0 3 251 17 32 1 58 +52 26
147 | 213 1 38 +0 3 251 16 35 1 53 +50 48
150 | 210 1 30 +0 2 2 42 15 31 147 +49 11
153 | 207 1 22 +0_2 2 32 14_ 20 Е 41 +47_34
156 | 204 1 13 +0 2 221 1 34 +45 57
ЕЕ Е
162 | 198 0 56 +0 1 1 55 117 +43 15
165 | 195 0 46 +0 1 8 40 17 +42 26
168 | 192 0 38 +0 0 71 0 56 +41 37
171 | 189 0_28 +00 5 19 0 43 +40 48
174 | 186 0 19 +00 0 42 3 35 0 28 +40 0
177 | 183 о9 +00 0 21 1 48 -0 14 +39 44
180 | 180 оо +0 0 оо оо оо +39 28
