1Х.4. Таблицы средних движений пяти планет 297
Меркурий
30 | 29° [34| 8" 36'"| 15° | 30“| 93° 29" | 47"'| 55° | 0"
60 59 8 17 12 | 31 0 1186 59 35 | 50 0
90 88 | 42 | 25 48 | 46 30 |279 29 23 | 45 0
120 118 | 16 | 34 25 2 12 | 48 | 13 | 59 11 | 40
150 147 50 | 43 1 17 106 0 17 28 59 | 35
180 177 24 |5! 37 33 199 12 | 20 | 58 47 30
210 206 | 59 0 | 16 13 | 48 292 | 24 | 24 | 28 35 | 25
240 236 | 33 8 | 52 50 4 25 | 36 | 27 | 58 23 |120
270 266 7 | 17 | 29 26 | 19 118 | 48 [31 | 28 11 | 15
300 295 | 41 2 | 35 212 0 | 34 | 57 59 | 10
330 325 | 15 38 | 50 305 | 12 | 38 |127 47 5
360 354 49 15 6 38 24 41 57 35 0
Дни
59° 1 8" |177] 137] 12° | з1 И 24" 59" 35"]| 50"
58 16 34 26 25 2 48 59 11 40
57| 24 |5! 39 | 37 33 12 58 | 47 30
4 3 56 8 52 50 4 12 25 27 58 23
5 4 | 55 26 6 2 35 | 15 | 32 34 57 | 59
6 5 54 43 19 15 6 18 38 41 57 35
7 6 | 53 | 58 0 32 |271 Ти | 44 | 48 | 48 57 | 10 50
8 7 53 [1 17 45 40 8 24 51 12 55 56 46 40
9 8 | 52 | 14 | 34 58 | 52 39 127 | 57 | 37 2 56 | 22 30
51 52 12 5 31 ! 55 | 58
50 9 25 | 17 34 25 55 | 34
49 26 38 | 30 37 49 55 | 10
13 48 | 47 51 | 42 43 | 40 13 | 30 54 | 45 50
14 47 | 56 4 | 55 14 | 43 37 | 37 54 |2 40
15 47 4 18 7 45 | 46 1 | 44 53 | 51 30
16 15 | 46 35 31 | 20 16 | 49 | 42 | 25 | 51 53 | 33
17 16 | 45 52 44 | 32 47 | 52 | 48 | 49 | 58 53 9
18 17 | 44 9 57_| 45 18 | 55 | 55 | 14 5 52 | 45
18 37 |127 10 | 57 49 | 59 52 | 20 50
19 45 44 24 10 20 62 51 56 40
20 54 1 37 | 22 51! | 65 51 | 32 30
21 | 41 2 | 18 50 | 35 22 | 68 | 20 | 50 | 33 51 8
у 22 40 10 36 3 47 53 71! 27 14 40 50 44
23 | 39 | 18 | 53 17 0 24 | 74 | 33 | 38 | 47 50 | 20
25 24 | 38 |127 | 10 30 | 12 55 | 77 | 40 2 | 54 49 | 55 50
26 25 | 37 | 35 | 27 43 | 25 26 | 80 | 46 | 27 1 49 | 31 40
27 26 | 36 | 43 | 44 56 | 37 57 | 83 | 52 | 51 8 49 7 30
28 27 | 35 | 52 50 28 | 86 | 59 | 15 | 15 48 | 43
29 28 | 35 0 2 59 | 90 5 | 39 | 22 48 | 19
. 30 29 | 34 8 15 30 | 93 | 12 3129 47 | 55
