288 1Х.4. Таблицы средних движений пяти планет
Юпитер
60 4 | 59 | 14 46 | 31 0 | 54 26 0 0
90 7 | 28 |51 9 | 46 30 | 81 39 0 0
ЕаННААЕНЕНЕННАНЫ
150 28 6 6 56 | 17 135 | 22 | 36 | 56 5
180 57| 43 120 19 | 33 162 | 27 8 | 19 18
ЕАНАННАНЕУНАВАНЫ
240 19 | 56 |57 | 47 4 216 5 44
270 22 | 26 | 35 0 19 243 28 57
300 24 | 56 13 52 | 35 270 | 45 52
330 27 | 25 27 15 | 50 297 | 49 15
360 29 | 55 40 39 6 324 | 54 38
ОО ОО
06° 4' 59" 14” 26!" 46" 3177 54' 9" 2” 46/7 26" 0"'
0 9 | 58 | 28 53 | 33 2 48 | 18 5 32 | 52 0
0 114 [57 [| 43 20 | 19 33 42 | 27 8 19 | 18 0
4 19 |156 |57 47 6 4 3 36 |1 5 | 44
6 29 |55 | 26 40 | 39 6 5 54 | 16 38 | 36
7 34 |154 | 41 7 | 25 37 6 | 19 25 2
8 39 |153 | 55 34 | 12 8 7 | 13 11 | 28
9 44 | 53 | 10 0 | 58 39 8 7 57_| 54
10 49 | 52 | 24 27 | 45 10 1130 | 27 44
11 54 | 51 | 38 54 | 31 41 55 | 39 | 30 30
12 59 | 50 153 21 18 12 49 | 48 | 33 17
13 50 7 48 4 43 57 | 36 3 | 38
14 49 | 22 14 | 51 14 6 | 38 50 4
15 48 | 36 41 | 37 45 15 | 41 36 | 30
16 47 | 51 8 | 24 16 | 14 44 22 | 56
17 47 5 35 | 10 47 | 15 47 9 | 22
18 46 | 20 1157 18 | 16 49 55_| 48
34 | 45 | 34 28 | 43 49 | 17 8 |151 | 52 42 | 14
39 | 44 | 48 55 | 30 20 | 18 3 0 | 55 28 | 40
44 | 44 3 22 | 16 51 18 |157 9 | 58 15 []
ННАРНАРННВААИЕЫЯ
54 | 42 | 32 15 53 | 20 145 | 28 47 | 58
59 | 41 | 46 42 24 | 21 | 39 | 37 34 | 24
25 41 1 22 55 33 | 46 9 20 | 50
26 40 | 15 9 26 27 |155 | 12 7 | 16
27 39 | 30 55 57 22 4 | 14 53 | 42
28 38 | 44 29 | 42 28 | 25 17 8
29 37 | 58 56 | 28 59 | 26 20 34
30 37 | 13 23 | 15 30 | 27 23 0
