И.З. Таблицы новолуний и полнолуний 179
Годовые приращения для новолуний и полнолуний
Простые | [Избыточные] дни | Движение Солнца Движение Движение
годы от апогея по аномалии по широте
О ПО ЗО ПО ОО ПО ЗОО ПО ОИ
1 188 53’ 52" 18° 22’ 59" 335° 37° 2 38° 43’ 4"
2 8 15 53 7 39 36 285 25 4 46 45 54
3 27_9 45 26 2 35 2601_2 5 85 28 57
4 16 31 47 15 19 1 21050 7 93 31 47
5 $ 53 49 4 35 47 160 38 9 101 34 37
6 24 47 40 22 58 471 136 15 11 140 17 41!
7 14 9 42 12 15 23 86 3 12 148 20 30
8 3 31 44 1 31 59 35 51 14 156 23 20
9 22 25 36 19 54 59 11 28 16 195 6 24
10 11 47 37 9 11 35 321 16 18 203 9 14
И 1939 358 28 11 271 419 211 12 3
12 20_3 31 16 51 10 246 41 21 249 55 1
13 9 25 32 6 747 196 29 23 257 57 57
14 28 19 24 24 30 46 172 6 25 296 41 1
15 1741 26 13 47 22 121 54 26 304 43 50
16 7 3 28 3 359 71 42 28 312 46 40
17 25 57 19 21 26 58 47 19 30 351 29 44
18 15 19 21 10 43 34 357 7 32 359 32 34
19 4 41 23 оо 306 55 33 7 35 23
20 23 35 14 18 23 10 282 32 35 46 18 27
21 12 57 16 7_ 39 46 232 20 37 54 21 17
22 2 19 18 356 56 22 182 8 39 62 24 7
23 21 13 10 15 19 22 157 45 41 101 710
24 10 35 11 4 35 58 107 33 42 109 100 0
-8
Пределы затмений
Солнца в среднем движении [по широте]:
от 69;19° до 101;22°и от 258;38° до 290;41°
Луны в среднем движении [по широте]:
от 74;48° до 105;12°и от 254;48° до 285;12°
Месячные приращения
Месяцы Движение Солнца Движение Движение
от апогея по аномалии по широте
1 293 31’ 50” 29° 6’ 23" 25° 49’ 0” 30° 40’ 14”
2 59 340 58 12 46 51 38 0 61 20 28
3 88 35 30 87 19 9 77 27 0 92 0 42
4 118 721 116 25 32 103 16 1 122 40 57
5 147 39 11 145 31 55 129 5 1 153 2111
6 177 ит 174 38 18 154 54 1 184 125
7 206 42 51 203 44 41 180 43 1 214 41 39
8 236 14 41 232 51 4 206 32 1 245 21 53
9 265 46 31 261 57 27 23221 1 276 27
10 295 18 21 291 350 258 10 1 306 42 21
11 324 50 12 320 10 13 283 59 2 337 22 36
| 12 354 22 2 349 16 36 309 48 2 8 250
