1Х.4. Таблицы средних движений пяти планет 291
Марс
| 30 | 15 18" | 26” | 55/"| 46" | 30| 13° | 50’ | 50" 407" | 2971 0"
60 |3! 36 | 53 |5 | 33 о | 27| 41 | 40 20 | 58 |0
90 | 47 55 | 20 | 47 | 19| 30 | 41 | 32 | 30 1 | 27| 0
120 | 62 | 53 | 13147 | 43| 6 55 | 23 38 56
150 | 78 | 36 | 32 | 14 | 38 | 52 69 | 14 48 25
180 | 94 | 19 | 50 [41 | 34 | 39 83 | 5 58 54
210 |110 918 25 96 [55| 5 | 7 23
240 |125 27 | 35 12 110 | 46 [41 | 17 52
270 [141 46 | 2 58 124 | 37 |3! | 27 21
300 |157 | 13 29 | 17 | 45 138 | 28 36 | 44 | 50
330 |172 | 56 56 | 13 |3 152 | 19 46 | 25 | 19
360 |188 | 39 23 9 | 18 166 | 10 56 5 | 48
ли | Гены | Пышма |
26" | 36”| 53/"| 51"| 33" 27° | 41" | 40” 19" 20° | 587
53 | 13 | 47 | 43 6 55 | 23 | 20 | 38 | 41 | 56
19 | 50 | 41 | 34 | 39 2315] 0| 58| 2] 54
4 5 27 | 35 | 26 | 12 50 | 46 17 | 23 | 52
5 37 4 | 29| 17 | 45 18 | 28 36 | 44 | 50
6 8 41 | 23| 9| 18 46 | 10 56 | 5 | 48
7 6 [18 || о| 51 13 |5 13 | 26 | 46
8 32 | 55 | 10 |152 | 24 41 | 33 34 | 47 | 44
9 59 | 32 4 | 43 | 57 9 | 15 54| 8| 42
5 | 14| 26| 8| 58 | 35 4 56 13 | 29| 40
5 | 45 | 52 | 45 | 52 |727 5 38 32 | 50 | 38
6 | 17 | 19 | 22 | 46 | 18 5 20 52 |1! | 36
13 6 | 48 | 45 | 59 | 40 | 10 9 оО 44| Ши | 32
14 7120 [12 | 36 | 34| 11| 42 27 | 43 | 24| 30 | 53
15 7 |5! | 39 | 13 | 27 | 53 | 15 55 | 25| 4| 50 | 14
16 8 |231 5501211441 48| 17| 23| 61| 45 9 | 35 | 28
17 8 | 54| 32| 27| 15136 | 21| 7150 | 48125 | 28 | 56 | 26
18 9 | 25 | 59 | 4 9 | 27| 54| 8 | 18 [30| 5| 48 | 17 | 24
57 | 25 | 41 3 2718146 | и | 46 7 | 38
28 | 52 | 17 | 57 о] 9|13 | 53 | 26 | 26 | 59
о | 18 | 54 | 51 33| 914! | 35 | 6 | 46 | 20
45 | 31| 44 | 54 16 | 47 5
12| 8| 38 | 45 58 |27 | 25
38 | 45 | 32 | 37 40| 17| 44
25 6| 5 | 22 45 32 [21 | 48 44 | 10
ННННННОНННЯННЫЕ
27 8 | 58 | 36 51 27 | 45 | 8 26 6
28 14 25 | 13 813] 24 55 | 26 | 49 47
29 15 51 | 50 1 | 54| 57 23|] 8|29 8
30 15 18 126 | 55 | 46 | 30 50 | 50 | 9 29
10*
