1У.4. Таблицы средних движений Луны 115
30 ‚36| 52| 49| 54| 28 18 | 30 5| 43| 20 40 8| 59| 30’
60 73| 45| 39| 48| 56| 37| 0 1 26 | 41 20 17| 59 0
90 1101 38| 29] 43 24| 55| 30| 17 10 2 0| 26| 58| 30
120 147 | 31 19] 37| 53 14 01 22| 53| 22| 40| 35| 58 0
150 184 | 24 9| 32| 2 32| 30| 28| 36| 431 20| 44| 57 30
180 221 16| 59| 26| 49| 51 0 34|_20 4 0] 53] 57 0
210 258 9| 49| 21 18 9| 30| 40 24 | 41 2! 56| 30
240 295 2| 39 15| 46| 28 0| 45 45 | 21 19 56 0
270 331 55 | 29 10 14| 46| 30| 5! 6 } 20 | 55| _30
300 8 | 48 19 4| 43 5 01 57 13| 26| 41 29| 55
330 45 | 41 8 | 59 Н 23| 30| 62| 56| 47| п 38 | 54
360 82| 33| 58, 53| 39| 42 0! 68| 40 8 1 47 | 54
1 13 13| 45| 39| 481 56| 37 12 ти 26 | 41 20 17| 59
2 26 | 27| 31 19| 37| 53 14| 24| 22| 53| 22| 40| 35| 58
3 39| 41 16| 59| 26] 49| 51 36| 34| 20 4 0] 531! 57
4 52 | 55 2| 39 15| 46| 28| 48| 45| 46| 45| 21 11 56
5 66 8| 48 19 4| 43 5| 60| 57 131 26| 41 29| 55
6 79| 22| 33| 58| 53| 39| 42| 73 8| 40 8 1 47 | 54
7 92 | 36 191 38| 42] 36 19| 85| 20 6| 49| 22 5| 53
8 105 | 50 5 18 | 31 32| 56| 97| 3 33 30| 42! 23| 52
9 119 3| 50| 58| 20] 29| 33| 109| 43 0 12 2| 41 51
10 132 17| 36| 38 9| 26 10 | 121 54| 26| 53 22| 59| 50
| 145 | 31 22 17| 58| 221 47| 134 $5| 53| 341 43 17| 49
12 158 | 45 7] 57| 47 19 | 24| 146 17 | 20 16 3| 35| 48
13 171 58 | 53| 37| 36 16 1 | 1581 28| 46| 57| 23| 53| 47
14 185 | 12| 39 17 | 25 12| 381170 | 40 13| 38| 44 Н 46
15 198 | 26|] 24157 14 9 15 | 182 | 5! 40 | 20 4| 29| 45
16 211 40 101 37 3 5| 52| 195 К 7 1 24| 47| 44
Е
18 238 7| 41 56 | 40| 59 6 | 219 | 26 0| 24 5| 23| 42
19 251 21 27| 36| 29| 55| 43| 231 37| 27 5| 251 41 4}
21 277 | 48| 58 | 56 7] 48| 57| 256 0] 20| 28 6 17 | 39
22 291 21| 44| 35| 56] 45| 341268 11 47 9| 26| 35| 38
24 317 | 30 15| 55| 34| 38| 48| 292| 34| 401 32 7 И 36
25 330 | 44 1 35| 23| 35| 25| 304 | 46 7 13| 27 29| 35
27 357 11 32 | 55 | 28 | 39| 329 9 09| 36 8 5| 33
28 101 25 18| 34| 50| 25 16 | 341 20| 27 | 28| 23| 32
29 23| 39 4 14| 39121 53 | 353 | 31 53| 58| 48 41 31
30 36| 52| 49| 54| 28 18 | 30 5| 43| 201 40 8| 591 30
