1.11. Таблица прямых в круге 23
доли доли

45 46Р 24’ 19" 0' 57” 54" 68° 67? 6’ 12" 0' 52" 1"
46 46 53 16 0 57 47 68% 67 32 12 0 51 52.
462 47 22 9 0 57 41 69 67 58 8 0 51 43
47 4715 0 0 57 34 69% 68 23 59 0 51 33

47 48 19 47 0 57 27 70 68 49 45
48 48 48 30 0 57 21 70 69 15 27 0 51 14
48 49 17 11 71 69 41 4 051 4
49 49 45 48 0577 71% 70 6 36 0 50 55
49% 50 14 21 0 57 0 72 70 32 3 0 50 45
50 50 42 51 0 56 53 72 70 57 26 0 50 35
50 5111 18 0 56 46 73 71 22 44 0 50 26
511 52 80 74 72 13 4 0 50 6
52 52 36 16 0 56 25 74% 72 38 7 0 49 56
52% 53 429 0 56 18 75 335 0 49 46
53 53 32 38 75% 73 27 58 0 49 36
53% 54 0 43 0 56 3 76 73 52 46 0 49 26
54 54 28 44 0 55 55 76% 74 17 29 0 49 16
54 54 56 42 0 55 48 77 74 42 7 049 6
55 55 24 36 0 55 40 77% 75 639 0 48 55
55% 55 52 26 0 55 33 78 7531 7 0 48 45
56 56 20 12 0 55 25 78% 75 55 29 0 48 34
56% 79 76 19 46 0 48 24
57 57 15 33 0 55 9 79% 76 43 58 0 48 13
58 58 10 38 0 54 53 80% 77 32 6 0 47 52
58% 58 38 5 0 54 45 81 77 56 2 0 47 41
59 59 527 0 54 37 81 78 19 52 0 47 31
60 60 00 0 54 21 82% 79 718 047 9
61 60 54 17 0 54 4 83% 79 54 21 0 46 47
61% 61 21 19 0 53 56 84 80 17 45 0 46 36
62 61 48 17 0 53 47 84 80 41 3 0 46 25
63 62 42 0 0 53 30 85% 81 27 22 046 3
0 53 22 86 81 50 24 0 45 52
64 63 35 25 0 53 13 86 82 13 19 0 45 40
642 64 22 0 53 4 87 82 36 9 0 45 29
65 64 28 34 0 52 55 87 82 58 54 0 45 18
66 65 21 24 0 52 37 88% 83 44 4 0 44 55
662 65 47 43 0 52 28 89 84 6 32 0 44 43
67 66 13 57 0 52 19 89% 84 28 54 0 44 31

| 67% 66 4 7 0 52 10 90 84 51 10
