370 Х1.11. Таблицы для определения долгот пяти планет
Венера 442-443
у Апогей на 16;10° Тельца
Общие Проста- Разность | Разность | Проста- Разность | Шестиде-
числа ферез простафе- | вычитае- ферез прибавля- | сятые доли
, по долготе реза мая аномалии емая
ООО ПООООЕ А ОЕ ПООА ОВИНИИ ПОЗНИ ПООСАИ ПООЕ-ЗИИ
12 348 0 28 +0 1 оз 51 о 4 —57 55
18 342 0 42 +0 1 0_5 7_31 06 —56 40
30 330 19 +0 2 о9 12 30 о 10 —52 55
36 324 121 +02 0 11 14 58 О 12 —49 35
42 318 1 32 +0 3 0 13 17 25 0 14 —45 50
48 312 1 43 +0 3 0 15 19 51 0 16 —42 5
54 306 1 53 +0 3 0 18 22 15 0 18 —37 5
60 300 21 +0 2 0 20 24 38 0 20 —31 40
66 294 28 +02 0 22 26 57 0 23 —26 15
72 288 2 14 +02 0 24 29 14 0 25 —20 25
78 282 2 18 +0 1 0 27 31 27 0 28 —14 35
90 270 2 23 +0 1 0 31 35 44 0 33 - 140
96 264 2 23 —0 1 0 35 37 43 0 38 + 4 42
99 261 2 22 —0 1 0 38 38 40 0 40 +_7 39
102 258 221 0 40 39 35 0 43 +10 35
105 255 2 20 0 42 40 29 0 45 +13 32
108 252 2 18 0 45 41 20 0 47 +16_28
111 249 2 16 0 47 42 9 0 50 +19 25
114 246 2 13 0 49 42 54 0 52 +22 21
117 243 2 10 0 52 43 35 0 55 +25 18
120 240 2 6 —0 2 0 54 44 12 0 58 +28 14
126 234 1 58 —0 2 10 45 14 14 +33 44
129 231 1 54 13 45 36 +36 18
ЕЮ ООО ОВР
135 225 144 1 10 45 59 +41 1
138 222 1 39 —03 1 14 45 57 1 18 +43 32
144 216 1 27 -0 2 1 24 45_20 1 27 +47 51
147 213 1 21 —02 1 29 44 40 1 32 +49 37
150 210 1 14 02 1 33 43 39 1 38 +51 23
153 207 17 —0 2 1 37 42 18 1 43 +52 46
156 204 1о —0 2 1 39 40 28 1 48 +54 8
162 198 0 46 01 1 42 35_7 1 52 +56 26
НЕЕ
168 192 0 32 1 31 26 46 1 43 +58 26
171 189 0 24 1 19 21 15 127 +59_1
174 186 0 16 —0 1 0 58 14 47 15 +59 36
177 183 о8 —0 1 0 31 7 38 0 35 +59 58
180 180 оо _00 оо оо оо +60 0
