1.8. Таблица времен восхода по дугам в десять градусов 53
Знаки | Десяти- Сиена ‚ Нижний Египет Родос
зодиака | градус- | Наибольший день 1328 | Наибольший день 148 | Наибольший день 1428

МНЕ

времена времена времена

Овен 10 7 23 7 23 6 48 6 48 6 14 6 14

"| 7 29 14 52 6 55 13 43 6 21 12 35

30 7 45 22 37 7 10 20 53 6 37 19 12

Телец 10 8 4 30 41 7 33 28 26 71 27 13

20 8 31 39 12 8 2 36 28 7 33 33 46

30 953 48 15 8 37 45 5 8 12 41 58

Близнецы 10 9 36 57 51 9 17 54 22 8 56 50 54

=. 10 11 68 2 100 64 22 9 47 60 41

30 10 43 78 45 10 38 75 0 10 34 71 15

и 7 89 52 11 12 86 12 11 16 82 31

11 23 101 15 И 34 97 46 И 47 94 18

11 32 112 47 11 51 109 37 12 12 106 30

Лев 10 и 29 124 16 11 55 121 32 12 20 118 50

20 11 25 135 41 11 54 133 26 12 23 131 13

30 11 16 146 57 11 47 145 13 12 19 143 32

Дева 10 11 5 158 2 11 40 156 53 12 13 155 45

20 и 1 169 3 11 35 168 28 12 9 167 54

30 10 57 180 0 11 32 180 0 12 6 180 0

Весы 10 10 57 190 57 11 32 191 32 12 6 192 6

20 111 201 58 11 35 203 7 12 9 204 15

30 11 5 213 3 11 40 214 47 12 13 216 28

Скорпион 11 16 224 19 11 47 226 34 12 19 228 47
НЕЕ

11 29 247 13 11 55 250 23 12 20 253 30

Стрелец 10 11 32 258 45 11 51 262 14 12 12 265 42
НЕЕ

30 и 7 281 15 11 12 285 0 11 16 288 45

Козерог 10 10 43 291 58 10 38 295 38 10 34 299 19
ЕНЕНЕНЕНЕН

30 9 36 311 45 9 17 314 55 8 56 318 2

Водолей 10 93 320 48 8 37 323 32 8 12 326 14

20 8 31 329 19 82 331 34 7 33 333 47

30 8 4 337 23 7 33 339 7 7 1 340 48

Рыбы 10 7 45 345 8 7 10 346 17 6 37 347 25

20 7 29 352 37 6 55 353 12 6 21 353 46

30 7 23 360 0 6 48 360 0 6 14 360 0
