200 1Х.4. Таблицы средних движений пяти планет
Марс
простые .
33 | 48 | 55 7 ]|и 30 |336 | 57 35 25 5 40
50 | 43 | 22 55_| 47 15 |145 | 25 53 7 | 38 30
НЕНННАНЕЕНЕВННИ
5 236 24 32 18 12 58 45 22 28 32 44 10
6 67 | 41 26 | 45 51_] 34 30 51 46 15 117 0
7 258 58 30 10 15 99 19 57 49 50
ННАНИНИНЯНЕНЕ
9 281 32 47 21 45 76 16 22 | 55 30
ННАННАВНААНАНИИ
304 5 | 59 4 | 33 15 | 53 | 13 14 48
135 | 22 | 53 43 9 0 [221 [| 42 32 30
13 326 | 39 47 59 44 45 | 30 10 50 13 50
НА ННННАНУННЫННЕ
15 349 13 36 | 54 56 15 7 7 25 38 30
16 180 | 30 | 31 | 22 17 | 32 0 [175 4 | 43 20 | 45
17 И | 47 | 25 | 49 56 7 45 |344 35 1 3 | 18
ВВЫНВВАЕНАНААВВ
[вы | педнылыюы _ | Пыиывимии |
1 01’ | 18" 3277 147 ЗИ || 9” | 14"| 10| 48"| 22"
2 0 2 | 37 4 29 18 0 2 18 28 21 36 44
Е 0 3 | 55 36 | 43 56 0 3 | 27 | 42 32 | 25 7
4 5 14 58 35 4 | 36 | 56 43 13 29
5 6 | 33 13 14 5 | 46 | 10 54 1 52
[2 7_| 51 27 53 6 | 55 | 25 4 | 50 14
7 9 110 | 15 45 | 42 32 8 39 15 | 38 36
8 10 | 28 | 52 17 |157 10 9 53 26 | 26 59
9 11 | 47 | 28 50 | 11 49 10 7 37 | 15 21
10 13 22 | 26 28 32 | 21 48 3 44
11 14 54 | 41 7 41 | 35 58 | 52 6
12 15 26 | 55 46 50 | 50 9 | 40 29
13 17 54 59 | 10 25 15 0 20 | 28 51
14 18 31 31 | 25 4 16 9 31 17 13
15 19 8 3 39 43 17 18 42 5 36
16 57 44 35 | 54 18 27 46 52 | 54 58
17 16 | 21 8 9 19 37 1 3 42 21
18 34 | 57 40 | 23 20 46 15 14 30 43
24 | 53 | 34 12 | 38 18 55 | 29 25 | 19 5
26 | 12110 44 | 52 57 4 | 43 36 7 28
27| 30 | 47 17 7 36 13 | 57 46 | 55 50
49 49 | 22 15 25 57 13
8 21 | 36 54 26 8 35
26 53 | 51 33 27 19 58
