72 11.13. Таблица зенитных расстояний и углов эклиптики
Параллель через Геллеспонт. [Наибольший день] 15°. [Высота полюса] 40;5°
Часы Дуги Углы Углы Часы Дуги Углы Углы
восточные западные восточные западные
м К |
0 | 17 5' 90° 0’ — 0 | 64°47' 90° 0’ —
1 21 18 122 32 57° 28' 1 66 15 102 27 77° 33'
2 30 17 138 29 41 31 2 70 30 113 35 66 25
3 41 37 144 18 35 42 77 4 122 55 57 5
4 52 25 145 38 34 22 85 18 130 58 49 2
5 63 47 144 28 35 32 9 0 134 16 45 44
6 74 48 141 30 38 30
7 85 9 137 5 42 55
7 30 9 0 134 16 45 44
0 20 26 102 30 — 61 26 77 30 —
1 24 5 131 6 73 54 63 0 90 5 64 55
2 32 37 147 0 58 0 67 24 101 29 53 31
3 43 8 153 50 51 10 3 74 13 111 10 43 50
4 54 19 156 5 48 55 4 82 48 118 45 36 15
5 65 36 155 8 49 52 4 44 9 0 123 6 31 54
6 76 46 153 24 51 36
7 87 24 149 6 55 54
7 16 9 0 148 6 56 54
0 29 16 и 0 — 52 36 69 0 —
1 32 5 132 30 89 30 54 23 82 46 55 14
2 39 22 147 30 74 30 59 25 94 55 43 5
3 49 3 156 0 66 0 3 66 58 104 24 33 36
4 59 50 160 7 61 53 4 76 15 111 10 26 50
5 71 5 161 24 60 36 5 86 38 115 45 22 15
6 82 22 160 40 61 20 5 18 21 1
6 42 90 158 59 63 1
40 56 113 51 — 40 56 66 9 —
43 8 129 57 97 45 43 8 82 15 50 3
49 7 143 38 84 4 497 95 56 36 22
3 57 42 153 8 74 34 57 42 105 26 26 52
4 67 50 158 47 68 55 67 50 111 5 21 13
5 78 45 161 59 65 43 78 45 114 17 18 1
Го | 16025 [м | 6 [00 [| 158 [ и5 |
52 36 110 — 0 29 16 69 0 —
54 23 124 46 97 14 1 32 5 90 30 47 30
59 25 136 55 85 5 2 39 22 105 30 32 30
3 66 58 146 24 75 36 3 49 3 14 0 24 0
4 76 15 153 10 68 50 4 59 50 118 7 19 53
5 86 38 157 45 64 15 5 71 5 119 24 18 36
5 18 158 59 6 82 22 118 40 19 20
6 42 9 0 116 59 21 1
| бы |
61 26 102 30 — 20 26 77 30 —
63 0 115 5 89 55 24 5 106 6 48 54
67 24 126 29 78 31 32 37 122 0 330
3 74 13 136 10 68 50 3 43 8 128 50 26 10
4 82 48 143 45 61 15 4 54 19 131 5 23 55
4 44 90 148 6 56 54 5 65 36 130 8 24 52
6 76 46 128 24 26 36
7 87 24 124 6 30 54
7 16 9 0 123 6 31 54
