И. 18. Таблица параллаксов 169
лаксы
Солнца | 1-й Разность | 3-й Разность | Для Для Для
случай | для 2-го | случай | для 4-го | эпицикла | эпицикла | эксцентра
случая случая в апогее | в перигее
[62(2)]
0°0’ 7” | 0°1'’54"| 0°0' 23" | 0° 3’ 0"| 0° 0' 50” 0’ 14” 0’ 11” 0’ 15"
0013 |0 348 0 045 0 60 0 140 0 28 0 22 0 30
001910 541] 01710 90| 0 230 0 42 0 33 0 45
8 00 25 |0 7340 129101140] 0 320 1 22 17 1 33
10 0031 |0 92710 151 [|0 1420 0 40 22 1 41 221
12 0037 |011 19| 0 2121017 0 050 2 42 2 15 39
14 00 42 |0 13 10] 0 233 |0 1940 0 550 3 35 3 13 4 22
16 00 48 |015 0 0 254 [0 2220 0 640 4 28 4 и 5 35
18 00 53 [0 1649 0 315 1025 00 730 5 21 5_9 6 48
20 00 58 |0 18 36] 0 336 102740] 0 820 6 39 6 25 8 25
22 01 4020 22| 0 357 103020 0 910 7 57 7 41 10 2
24 0191022 6 0 418 [033 01 010 0 9 15 8 57 11 39
26 0114 |0 23 49 0 439 |0 35 20| 010 50 10 50 10 29 13 32
28 0120 10 25 30] 0 459 |0 37 40| 0п 40 12 25 12 1 15 25
30 0125 1027 90 518 1040 001230 14_0 13_33 17_ 18
0130 |0 28 46| 0 537 |0 42 20| 01320 15 52 15 22 19 23
0135 10 302110 555 10 4440 0 1410 17 44 171 1 21 28
0140 |031 54|] 0 613 |047 0] 015 0 19 36 190 23 33
38 01 44 |0 33 241 0 630 1049 0 01540 21 36 20 59 25 40
40 0149 |0 3451] 0 647105 0 0162 23 36 22 58 27 47
42 01 54 |0 36 14] 0 7 4 [|053 01017 0 25 36 24 57 29 54
44 01 58 |0 37 37] 0 720 |055 0 01740 27 40 27 1 32 0
46 02 310 38 571 0 735 |057 0 01820 29 44 29 5 34 6
48 02 8 [040 14|] 0 749 |059 0 0190 31 48 31_9 36 12
50 0 2 12 |0 41 280831040 01940 33 52 33 14 38 9
52 0 2 16 [0 42 391 0 81611 220 02020 35 56 35 19 40 6
54 0220 [0 43 451 0 82914007 0 38 0 37_24 42_3
56 0223 |0 44 48| 0 842 |1 520] 072120 40 0 39 24 43 49
58 02 26 |0 45 48| 0 853 |1 640| 02140 42 0 41 24 45 35
60 02 29 |0 46 46 0 931801022 0 44 0 43 24 47_21
62 О 2 32 |0 47 401 0 913 |1 92010 2220 45 50 45 13 48 49
64 0 2 34 10 48 30| 0 922 |110 40| 022 40 47 40 47 2 50 17
66 02 36 [0 4915 0 931 |112 01023 0 49 30 48 51 51 45
68 0 2 38 |0 49 57| 0 939 |113 0 02310 50 56 50 24 52 57
70 0 2 40 |0 50 361 0 946 |114 0 02320 52 22 51 57 54 9
72 0 2 42 105111] 0 953 |115 0] 023 30 53 48 53 30 55_21
74 0 2 44 |051 44| 0 959 |115 40| 023 40 54 57 54 41 56 12
76 О 2 46 |0 52 121 010 41116 20| 023 50 56 6 55 52 57 3
78 0 247 |0 52 34| 010 8 [117 09024 0 57 15 57 _3 57_54
80 0 2 48 |0 52 531 0101 |117 20| 0 24 10 57 57 57 47 58 26
82 0 2 49 1053 91 010 14 1117 4010 24 20 58 39 58 31 58 58
84 0250 [053 21| 010 16 |118 01024 30 59 21 59 15 59 30
86 0250 |0 53 29| 0 10 16 [1 18 20| 0 24 40 59 34 59 30 59 40
88 0251 |0 53 33| 0 1017 |1 18 40| 0 24 50 59 47 59 45 59 50
90 0251 |0 53 341 0 10 17 |119 0025 0 60 0 60 0 60 0
