368 Х1.11. Таблицы для определения долгот пяти планет
ЗОО
Юпитер 438-439
Апогей на 2;9° Девы
Общие Проста- Разность | Разность Проста- Разность Шестиде-
числа ферез проста- вычи- ферез прибав- |сятые доли
по долготе фереза таемая аномалии ляемая
ПОЛИ ПЕ ИИ ПЕ ПОНЕС АИ ПО ПО ПО НИ
6 354° 0° 30' +0° 1' 0° 2’ 0° 58' 0° 2’ —60’ 0"
18 342 1 30 +0 3 о 7 2 52 07 —57_ 56
24 336 1 58 +0 4 о9 3 48 о9 —56 54
30 330 2 26 +05 0 11 4 42 011 —54 50
36 324 2 52 +0 6 0 13 5_34 0 13 -54 43
42 318 317 +07 0 15 6 25 0 15 —47 35
48 312 3 40 +07 0 17 7 12 0 18 —43 27
54 306 41 +07 0 19 7 57 0 20 —39 19
60 300 4 20 +0 6 0 21 8 37 0 22 —35 8
66 294 4 31 +0 5 0 23 9 14 0 24 —28 58
72 288 4 51 +0 4 0 24 9 46 0 26 —22 45
78 282 52 +0 3 0 25 10 13 0 28 —17 35
90 270 5 14 +0 1 0 26 10 51 0 31 —4 40
93 267 5 15 оо 0 27 10 57 1 8
96 264 5 16 —0 1 0 27. по +1 52
99 261 5 15 01 0 27 11 2 +5 9
102 258 5 14 0 28 11 3 +8 26
105 255 5 12 0 28 ит +11 43
108 252 59 0 29 10 59 +15 0
11 249 55 —0 4 0 29 10 53 0 33 +17 49
114 246 50 —0 5 о 30 10 45 0 34 +20 37
117 243 4 54 —0 5 0_30 10 35 0 34 +23 26
240 4 47 -06 о 30 10 24 0 34 +26 15
237 4 39 —0 6 0 29 10 10 0 33 +29 4
234 4 30 -0 7 0 29 9 54 0 33 +31 52
132 228 4 9 —0 8 0 28 9 16 0 32 +37 30
135 225 3 58 —0 8 0 _27 8 54 0_31 +40 _19
138 222 08 0 26 8 30 0 30 +43 7
ВЕЕТ
144 216 —0 7 0 23 7_36 0 26 +47 49
147 213 36 —07 0 22 76 0 25 +49 42
150 210 251 —0 6 0 21 6 34 0 23 +51 31
153 207 2 36 -0 6 0 19 60 0 21 +52 58
156 204 2 20 —0 5 0 17 5 24 0 19 +54 22
159 201 2 4 05 0 15 4 471 0 17 +55 47
162 198 1 47 —0 4 0 13 49 О 15 +57 1
165 195 1 30 011 .3 29 0 13 +57 40
168 192 1 13 09 2 49 о 10 +58 13
171 189 0 55 07 2717 0_8 +58 40
174 186 0 37 —0 1 о 5 1 25 0 5 +59 4
177 183 0 18 —0 1 о3 0 43 оз +59 32
180 180 оо _00 оо оо оо +60 0
