150 У.8. Таблица полного лунного неравенства
8. Таблица полного лунного неравенства 390-391
Общие Расстояние Эпициклическая | Избыток Шести- | Широта
числа [от среднего до! аномалия эпициклической | десятые
истинного] апо-| [в апогее экс-! аномалии [в пе-
гея [эпицикла] | центра] ригее эксцентра]
6° | 354 0° 53’. 0° 29' 0° 14' 0’ 12” 4° 58’ |Северный
121 348 1 46 0 57 0 28 0 24 4 54 предел
18| 342 2 39 1 25 0 42 1 20 4 45
3 31 1 53 0 56 2 16 4 34
4 23 2 19 1 10 3 24 4 20
5 15 2 44 1 23 4 32 4 3
42| 318 6 7 38 1 35 6 25 3 43
48| 312 6 58 3 31 1 45 8 18 3 20
541 306 7 48 3 51 1 54 10 22 2 56
60| 300 8 36 48 23 12 26
66| 294 9 22 4 24 211 15 5
72| 288 10 6 4 38 2 18 17 44
78| 282 10 48 4 49 2 25 20 34 13
84| 276 1 27 4 56 231 23 24 0 32
90| 270 12 0 4 59 2 35 26 36 оо
93| 267 12 15 50 237 28 12 0 16
96| 264 12 28 5 1 2 38 29 49 0 32
99| 261 12 39 50 2 39 31 25 0 48
102| 258 12 48 4 59 2 39 33 1 13
105} 255 12 56 4 57 239 34 37 117
108| 252 13 3 4 53 2 38 36 14 1 33
111| 249 13 6 4 49 2 38 37 50 1 48
114] 246 13 9 4 44 2 37 39 26 22
117| 243 13 7 4 38 2 35 41 2 2 16
240 13 4 4 32 2 32 42 38 2 30
237 12 59 4 25 2 28 44 3 2 43
234 12 50 4 16 2 24 45 28 2 56
129] 231 12 36 47 2 20 46 53 38
132| 228 12 16 357 2 16 48 18 3 20
135| 225 11 54 3 46 211 49 32 3 32
138| 222 11 29 3 35 2 5 50 45 3 43
141| 219 11 2 3 23 1 58 51 59 3 53
144] 216 10 33 3 10 151 53 12 43
147| 213 100 2 57 1 43 543 4и
150] 210 9 22 2 43 1 35 54 54 4 20
153| 207 8 38 2 28 1 27 55 45 427
156] 204 7 48 2 13 1 19 56 36 4 34
159| 201 6 56 157 111 57 15 4 40
162| 198 6 3 1 41 2 57 55 4 45
165| 195 5 8 1 25 0 52 58 35 4 50
168! 192 4 11 19 0 42 59 4 4 54
171| 189 3 12 0 52 0 31 59 26 4 56
174| 186 211 0 35 0 21 59 37 4 58 Южный
177 | 183 17 0 18 0 10 59 49 4 59 предел
180| 180 оо оо оо 60 0 50
