284 1Х.4. Таблицы средних движений пяти планет
Сатурн
простые
23" | 56” | 30| 30°| 15" | 347° 48" | 50”"| 38" | 20"
47 | 53 1 0 | 30 |335 37 41 16 | 40
11 49 31 30 | 45 |322 26 31 55 0
4 48 | 53 |135 | 46 1 0 |310 8 15 22 | 33 20
5 61 6 | 59 | 42 31 15 |297 | 40 4 13 11 40
6 73 | 20 | 23 | 39 1 30 |285 12 53 3 | 50 0
7 85 | 33 | 47 | 35 31 45 |272 | 44 5 54 | 28 | 20
НННЯННЯЯ АНЕНЯН
9 110 0 35 28 32 15 |247 48 7 35 45 0
ВАНННАНННУНВНИАН
27 | 23 | 21 35 45 |222 | 52 8 |157 17 40
40 | 47 18 6 О |210 | 24 9 | 46 7 0
13 158 | 54 | ИП 14 36 15 |197 1 56 | 10 58 18 20
14 171 7 |135 |1 7 30 |185 | 28 11 48 | 56 | 40
15 183 | 20 | 59 7 37 45 |173 0 12 39 | 35 0
16 195 | 34 | 23 4 8 0 |160 13 1 13 | 20
17 207 | 47 | 47 0 38 15 |148 13 | 50 51 40
18 220 1 10 157 9 30 1135 14 | 39 30 0
0° 5" 1" 2317 48" 42" 0° 2' 22" 49" 19" 14" 19"'
ВН 10 2 47 | 37 24 0 4 | 45 | 38 38 | 28 38
0 15 4 11 | 26 6 0 7 8 | 27 57_| 42 57
4 20 5 35 | 14 9 | 31 17 16 | 57 17
5 25 6 59 3 11 54 6 36111 36
6 30 8 22 | 52 14 | 16 | 55 55 | 25 55
7 35 46 | 40 55 39 | 45 14 | 40 14
АНННННОНННАННЯЯ
9 45 34 | 18 19 25 | 23 53 8 52
НАНЕННННАНННЯННЫ
п 55 | 15 21 | 55 43 2 31 37 31
12 0 | 16 45 _| 44 25 51 50 | 51 50
13 5 | 18 9 8 30 | 56 10 9
НАННЕНАНАННАННВЯ
15 15 | 20 57 32 35 | 42 48 47
16 20 | 22 20 | 59 14 38 5 9 7 | 49 7
17 25 | 23 44 | 47 56 40 | 27 | 58 27 3 26
18 30 1! 25 8 | 36 38 42 | 50 | 47 46 | 17 45
35 | 26 32 | 25 20 45 | 13 | 37 5
АНИННННЯННЕНАЯЯ
45 | 29 20 2 45 49 [59 | 15 44
50 43 | 51 27 52 | 22 5 15
55 7 | 40 9 54 | 44 | 54 29
0 31 28 51 57 7 | 43 43
