1Х.4. Таблицы средних движений пяти планет 283
Сатурн

Среднее положение [для начальной эпохи] Место апогея 14;10° Скорпиона.
по долготе 26;43° Козерога Среднее положение по аномалии 34;2°
периоды

18 220° 10” | 57”| 9" 47] 3071| 135° | 36' 39” | 117"| 3071 07

36 80 21 | 54 18 9 0 |271 | 12 18 23 0 0

54 300 32_| 51 27 | 13 30 46 | 48 57 34 30 0

72 160 4 | 43 | 48 36 | 18 182 | 24 | 58 | 36 46

90 20 5 154 | 45 45 | 22 318 1113 | 15 57

108 240 7 5 | 42 54 | 27 93 | 37 | 27 [| 55 9

126 100 8 | 16 | 40 3 229 | 13 | 42 | 34

144 320 9 | 27 |137 12 4 | 49 |57 | 13

162 180 | 10 | 38 | 34 21 140 | 26 111 152

180 40 [11 30 | 45 276 26 | 31 55

198 260 | 13 39 | 49 51 41 | 11 6

216 120 | 14 48 | 54 187 55| 50 18

234 340 | 15 22 57 | 58 322 | 51 | 10 | 29 29

252 200 | 16 20 7 3 98 |27 | 25 8 41

270 60 | 17 17 16 7 234 3 139 | 47 52

288 280 | 18 |155 | 14 25 9 139 |54 | 27 4 0

306 140 | 20 6 |11 34 145 | 16 9 6 15 30

324 0 | 21 | 17 8 43 280 | 52 | 23 | 45 27 0

342 220 | 22 | 28 5 52 | 25 56 | 28 | 38 38

360 80 | 23 | 39 3 1130 192 4 | 53 50

378 300 | 24 | 50 0 10 | 34 327 | 41 7 1

396 160 | 26 57 19 | 39 103 |17 | 22

414 20 |27 54 28 | 43 238 |53 | 37

432 240_| 28 51 37_| 48 14 | 29 [51

450 100 33 | 48 46 | 52 150 6 6 |19 47

468 320 44 | 45 55 | 57 285 | 42 |120 | 58 59

486 180 55 | 43 5 1 61 | 18 | 35 [38 10

504 40 | 33 6 | 40 14 6 196 | 54 |50 | 17 22

522 260 | 34 |117 | 37 23 | 10 332 | 31 4 | 56 | 33

540 120 | 35 | 28 | 34 32 | 15 108 7 | 19 | 35 45
ЕННЕНАНННВАНАЮВ

576 200 | 37 150 | 28 50 | 24 19 | 19 | 48 | 54 8

594 60 | 39 1 | 25 59 | 28 154 | 56 3 | 33 19

612 280 | 40 | 12 | 23 8 | 33 290 | 32 | 18 | 12 31
аННННННННЯННИВВ

648 0 | 42 [34 [17 26 | 42 201 | 44 | 47 |30 | 54

666 220 | 43 | 45 35 | 46 337 | 21 10 5
ЕАЕНЫННННННННЕЯН

702 300_| 46 7 53 | 55 248 | 33 28 28

720 160 | 47 | 18 3 24 46 7 40
ТаЕНННННННАННАЫВВ

756 240 | 49 140 21 295 15 | 26 3

774 100 |50 | 50 |57 30 70 | 58 | 30 14

792 320 | 52 1 154 39 206 | 34 | 44 26

810 180 | 53 | 12 | 51 48 342 | 10 | 59 37
