84 1.2. Таблицы средних движений Солнца
НИ НИ
годы ские
у месяцы
1 | 359] 45| 24|] 45| 21| 8| 35| 30 | 29] 34 8 36| 36 15
2 | 359| 30| 49| 30| 42| 17| 10| 60 |5 817 13 12 31
3 | 359| 16| 14|] 16] 3| 25 45| 90 | 88| 42| 25| 49| 48| 46
4 |359] 1 || 24| 34| 20| 120 |118| 16| 34| 26| 25| 2
5 | 358] 47 46| 45| 42| 55| 150 |147] 50] 433 И Ш
6 | 358] 32 32| _6| 51| 30| 180 | 177| 24| 51| 39| 37| 33
7 | 358| 17| 53|] 17| 28] 0 5| 20 |206| 59| 0| 16 13| 48| 30
8 | 358] 3| 18| 2| 49| 8| 40| 240 |236 33| 8 57| 50| 4 0
9 | 357] 48| 42|] 48| 10| 17| 15| 270 |266] 17| 11| 29| 26| 19 30
0 | 357 7| 33| 31| 25| 50|] 300 | 295] 41| 26|] 6 2| 35
и |357 32| 18| 52 34| 25| 330 | 325| 15| 34| 42| 38| 50
12 | 357 57| _4| 13| 43| 0| 360 | 354| 49| 43| 19| 15| 6
4 | 356] 35| 46| 34| 56| 0
15 __| 356] 21| | 20] 11| 8| 45| \ 0] 59] 8] 17| 13|] 12| 3
6 | 356| 6| 36| 5| 38| 17| 20| 2 1| 58| 16| 34| 26| 25| 2
7 | 355| 52| 0] 50| 59| 25|] 55| _3 257 24 51 39 37, 33
5 4| 55| 41| 26 6| 2| 35
т 2| 27| 50| 43 || 7 6] 53| 58|] 0| 32| 27| 37
2 4| 55| 41| 46 2| 8 7| 53|] 6| 17| 45| 49| 8
3 7| 23| 32| 9 319 8| 52| 14| 34| 58| 52| 39
4 9| 51| 22| 52| 12| 5| 10 9| 51 22| 52| 121 5| 10
5 12| 19|] 13| 35| 15| 6| п 10| 50|] 31| 9 25| 17| 41
6 14] 47| 4] 18 18|] 71 12 | 1] 49] 39| 26| 38| 30| 12
7 17| 14|] 55] |2 9] 13 12| 48| 47 51| 42] 43
8 19| 42| 45| 44| 24] 10|] 14 | 13| 47| 56 4| 55| 14
9 22| 10| 36| 27| 27|] 11| 15 | 14| 47| 4 18| 7] 45
10 24| 38| 27| 10| 30| 12| 16 | 15| 46| 12| 35|] 31| 20| 16
И 27| 6] 11| 53| 33| 14|] № 16] 45| 20| 52| 44| 32| 47
12 29| 34| 8| 36| 36| 15| 18 17| 44| 29| 9| 57| 45| 18
13 32| 1| 59| 19| 39| 16] 19 18| 43| 37| 27| 10| 57| 49
14 34| 29| 50|] 2| 42|] 18| 20 | 19 42| 45| 44| 24| 10| 20
15 36| 57| 40| 45| 45| 19] 21 20| 41| 54| 1| 37| 22| 51
16 39| 25|] 31| 28|] 48|] 20|] 22 [21| 41 18| 50| 35| 22
7 41| 53| 22] и| 51| 21| 23 | 22] 40 36| 3| 47| 53
18 44| 21| 12| 54| 54| 23| 24 | 23| 39 53| 17| 0| 24
19 46] 49] 3| 37| 57| 24|] 25 | 24] 38| 27|] 10| 30| 12| 55
20 49| 16| 54|] 21| 0| 25|] 26 | 25| 37| 35| 27| 43| 25| 26
21 5 44] 45| 4|_ 3] 27| 27 | 26] 36| 43| 44| 56] 37| 57
22 54| 12| 35| 47| 6| 28] 28 | 27| 35| 52] 2 9 50 28
23 56| 40| 26| 30| 9 29|] 29 | 28| 35| 0] 19| 23| 2| 59
24 591 8] 17| 13| 12| 95|] 30 29| 34| 8| 36| 36| 15| 30
