И1.8. Таблицы затмений 197
519-522 8. Таблицы затмений
Солнечные затмения
широты сятые доли широты сятые доли
погру- погру-
жения жения
ОИ Е ПЕ ПОЗВОНИ ПЕ МОЕ ЕЗИНИ
83° 36' | 276° 24’ 0’0”
84 30 | 275 30 84 36 | 275 24 17 54
85 01275 0 2 17 19 85 61274 54 21 28
3 20 43 85 36 | 274 24 24 14
86 0274 0 4 23 27 86 6| 273 54 26 27
86 30 | 273 30 5 25 38 86 36 | 273 24 6 28 16
87 0 |273 0 6 27 8 87 6] 272 54
87 30 | 272 30 7 28 29 87 36 | 272 24 8 30 55
88 0| 2720 8 29 32 88 61271 54 31 51
88 30 | 271 30 271 24 32 33
89 01271 0 10 30 54 89 61 270 54 33 1
89 30 | 270 30 11 89 36 | 270 24 12
90 30 | 269 30 11 90 24 | 269 36 12
9: 0| 269 0 10 30 54 90 54 | 269 6 33 1
91 30 | 268 30 9 30 20 91 24| 268 36 32 33
92 0| 268 0 8 29 32 91 54 | 268 6 31 51
92 30 | 267 30 7 28 29 92 24 | 267 36 8 30 55
93 01267 0 6 27 8 92 54 | 267 6 7 29 45
93 30 | 266 30 5 25 38 93 24 | 266 36 6 28 16
94 0| 266 0 23 27 93 54 | 266 6 26 27
НЕЕ НЕ
95 0| 2650 17 19 94 54 | 265 6 21 28
95 30 | 246 30 12 32 95 24 | 264 36 2 | 1754
96 0| 2640 оо 95 54 | 264 6 1 12 57
96 24 | 263 36 0 оо
