114 1.4. Таблицы средних движений Луны
30 35 | 17| 29| 16| 45| 15 31 | 56| - 58 8| 55| 59| 30
НННЕНАНЕЕНЕЕЕЯ
90 105 | 52| 27| 50| 15| 45 95| 50| 54| 26| 47| 58| 30
120 141 9| 57 7 0 127 | 47| 52| 35| 43| 58 0
150 176 | 27| 26| 23 15 159 | 44| 50| 44| 39| 57| 30
180 211 | 44| 55| 40 30 191 | 41| 48| 531 35| 57 0
210 247 2| 24| 57| 16| 45 223 | 38| 47 2| 31| 56| 30
240 282 | 19| 54| 14 2 0 255 | 35| 45| Ш| 27| 56 0
270 317 | 37| 23| 30| 47| 15 287 | 32| 43| 20| 23| 55| 30
300 352 | 54| 52| 47| 32] 30 319 | 29] 41| 29| 19| 55 0
330 28| 12| 22 4| 17| 45 351 | 26| 39| 38| 15| 54| 30
360 63 | 29| 511 21 3 0 23| 23| 37| 47| Ш| 54 0
1 13| 10| 34| 58| 33| 30| 30| 13 3| 53| 56| 17| 51| 59
2 26 | 21 9| 57 7 1 0| 26 7| 47| 52| 35| 43| 58
Е] 39| 31| 44| 55|] 40|] 31| 30| 39| и| 41| 48| 53| 35| 57
4 52| 42| 19| 54| 14 2 52| 15| 35| 45| Ш| 27| 56
5 65 | 52| 54| 52| 47| 32 65 | 19| 29| 41| 29| 19| 55
6 79 3| 29| 51| 21 Е] 78 | 23| 23| 37| 47| п| 54
7 92 | 14 4| 49| 54| 33| 30| 91| 27| 171 34 5 3| 53
8 105 | 24| 39| 48| 28 4 0 | 104| 31| и| 30| 22| 55| 52
9 118 | 35| 14| 47 1| 34| 30|] 17] 35 51 26|] 40| 47| 51
10 131 | 45| 49| 45| 35 5 0 | 130 | 38| 59| 22| 58| 39| 50
19 144 | 56| 24| 44 8| 35| 30| 143| 42| 53| 19| 16| 31| 49
12 158 6 | 59| 42| 42 6 0 | 156 | 46| 47| 15| 34| 23| 48
13 171 | 17| 34|! 41| 15| 36| 30| 169| 50| 41] 11| 52| 15| 47|.
14 184 | 28 9] 39| 49 7 0 | 182 | 54| 35 810 7! 46
15 197 | 38| 44| 38| 22| 37| 30| 195| 58| 29 4| 27| 59| 45
16 210| 49| 19| 36| 56 8 0 | 209 2| 23 0| 45| 51| 44
17 223| 59| 54| 35| 29| 38| 30| 222 6| 16| 57 3| 43| 43
18 237 | 10| 29| 34 3 9 0 | 235| 10| 10| 53| 21| 35| 42
19 250 | 21 4| 32 39| 30| 248 | 14 4| 49| 39|] 27| 41
20 263 | 31| 39| 31 10 0| 261 | 17| 58| 45| 57| 19| 40
21 276 | 42| 14| 29 40 | 30| 274| 21| 52| 42| 15| и| 39
22 289 | 52| 49| 28|] | и 287| 25| 46| 38| 33 3| 38
НЕЕНННЕЕ
24 316 | 13] 59| 25| 24| 12 313] 33] 34| 31 8| 47| 36
25 329 | 24| 34| 23| 57| 42 326 | 37| 28| 27| 26| 39. 35
НННИНИНЕЕ
27 355 | 45| 44| 21 4| 43 352 | 45| 16| 20 2| 23| 33
28 8! 56| 19| 19| 38| 14 0 5| 49| 10! 16| 20| 15| 32
29 22 6| 54|] 18|] И| 44| 30| 18| 53 4| 12| 38 7| 31
30 35| 17| 29| 16| 45| 15 0| 31| 56| 58 8| 55| 59| 30
