420 ХИ!.5. Таблицы для вычисления широты
ще | бо | Юм | мы [ели
предел предел предел предел предел предел
рэ ара |
6° 1 354° > 4’ 27 19° 7’ 1° 5’ 0°8' 0° 4’ 59’36"
18| 342 26 2_3 18 16 011 05 570
30 1330 28 25 110 18 0 14 о 7 52 0
36 | 324 2 10 27 111 19 0 15 ооэ 48 24
42 | 318 211 28 1 12 1 10 0 18 0 12 44 24
48 | 312 2 12 2 10 1 13 ги 0 21 0 15 40 0
54 | 306 2 14 2 12 1 14 1 13 0 24 0 18 35 12
60 |300 216 2 15 1 16 1 16 0 28 0 22 30 0
66 | 294 2 18 2 18 1 18 1 18 0 32 0 26 24 24
72 | 288 221 221 121 121 0 36 0 30 18_24
78 |282 2 24 2 24 1 24 1 24 0 41 0 36 12 24
84 [276 227 227 127 1 27 0 46 0 42 6 24
90 | 270 2 30 230 1 30 1 30 0 52 0 49 оо
93 | 267 2 31 2 31 1 31 1 31 0 55 0 52 3 12
96 | 264 2 33 2 33 1 33 1 33 0 59 0 56 6 24
99 | 261 2 34 2 34 1 34 1 34 13 10 9 24
102 | 258 2 36 2 36 1 36 1 36 16 14 12 24
105 |255 2 37 237 1 37 1 37 110 18 15 24
108 | 252 2 39 2 39 1 39 1 39 1 14 1 13 18 24
111 249 2 40 2 40 1 40 1 40 1 18 1 18 21 24
114 | 246 2 42 2 42 1 42 1 42 1 23 1 24 24 24
117_| 243 2_43 243 1 43 1 43 1 28 1 30 27 12
120 | 240 2 45 2 45 1 45 1 45 1 34 1 37 30 0
126 | 234 247 2_48 1 47 1 48 1 48 1 51 35 12
129 | 231 2 49 2 49 1 49 1 49 1 54 20 37 36
132 | 228 2 50 2 51 1 50 1 $1 21 2 10 40 0
135 | 225 252 2 53 1 51 1 53 29 2_20 42 12
138 | 222 2 53 2 54 152 1 54 2 16 2 32 44 24
141 219 2 54 2 55 1 53 1 55 225 2 44 46 36
144 | 216 2 55 2 56 1 $5 1 $57 2_34 2 56 48 24
147 | 213 2 56 2 57 1 56 1 59 2 44 3 12 50 12
150 | 210 2 $57 2 58 1 58 20 2 54 3 29 52 0
153 | 207 2 58 2 59 1 59 2_1 35 3 46 $53 12
156 | 204 2 59 30 20 23 3 16 4 9 54 36
159 | 201 2 59 31 21 24 37 4 32 56 0
162 198 30 3_2 2_2 25 3 38 4 55 57_0
165 195 32 2 2 26 3 49 5 24 57 48
168 192 33 2 3 2 6 40 5 53 58 36
171 189 33 2_3 27 4 10 6 21 59 12
174 186 32 34 24 27 4 14 6 36 59 36
177 183 32 34 2 4 28 4 18 6 51 59 48
180 | 180 32 35 2 4 28 421 77 600
