ХНУ.5. Таблицы для вычисления широты 421

[расстояния] десятые
ПО Е ВЕ ПЕН ПОЗЕ ЗИ ПОЕЗОВИ ПОИЕЗИ

6° 354° 1° 2’ 0° 8’ 1545' 011’ 59'’36”
12 348 | 0 16 1 44 О 22 58 36
18 342 10 0 25 1 43 0 33 57_0
24 336 О 59 0 33 1 40 0 44 54 36
36 324 0 55 0 49 1 30 16 48 24
42 318 0 51 0 57 1 23 1 16 44 24
48 312 0 46 15 1 16 1 26 40 0
54 306 0 41 1 13 1_8 1 35 35 12
60 300 0 35 1 20 0 59 1 44 30 0
72 288 _ 0 23 1 35 0 38 20 18 24
78 282 0 16 1 42 0 26 27 12 24
84 276 о 8 1 50 0 16 2 14 6 24
90 270 оо 157 оо 220 оо
93 267 05 20 о 8 2 23 3 12
99 261 О 15 26 0 23 227 9 24
102 258 0 20 29 0 31 2 28 12 24
105 255 0 26 2 12 0 40 2 29 15 24
108 252 0 32 2 15 0 48 2 29 18 24
111 249 038 — 2 17 0 57 230 21 24
117 243 0 50 2 22 1 16 230 27 12
120 240 0 59 2 24 1 25 229 30 0
123 237 18 2 26 1 35 2 28 32 36
126 234 1 18 227 1 45 2 26 35 12
129 231 1 28 2 29 1 55 2 23 37 36
135 225 1 48 230 2 16 2 16 42 12
138 222 1 59 230 227 211 44 24
141 219 21 2 29 2 37 26 46 36
144 216 2 23 2 28 2 47 20 48 _24
147 213 2 43 2 26 2 57 1 53 50 12
153 207 3_23 2 18 317 1 38 53 12
156 204 3 44 2 12 3 26 1 29 54 36
159 |201 45 24 3 34 1 20 56 0
162 198 4 26 1 55 3 42 1 10 57__0
165 195 4 49 1 42 3 48 0 59 57 48
168 192 5 13 1 27 3 54 0 48 58 36
171 189 5 36 19 3 58 0 36 59 12
177 183 67 0 25 4 4 0 12 59 48
180 180 6 22 оо 45 оо 60 0
