294 1Х.4. Таблицы средних движений пяти планет
Венера
30° | 29° | 34'| 8" 36/7 | 15" | 30| 18° | 29’ | 42” | 56" | 357" 44° | 0"
60 59 8 17 12 | 31 0 36 | 59 |125 | 53 11 28 0
90 88 | 42 | 25 48 | 46 30 55 | 29 8 | 49 47 12 0
120 118 16 | 34 126 25 2 73 | 58 | 51 46 22 | 56
150 [147 | 50 | 43 |3 г | 17 92 | 28 | 34 | 42 | 58 | 40
180 1771 24 |5! 39 37 | 33 110 | 58 17 | 39 34 | 24
210 206 | 59 0 | 16 13 | 48 129 | 28 10 8
240 236 | 33 8 | 52 50 4 147 |157 45 | 52
270 266 7 17 | 29 26 19 166 | 27 21 36
300 295 | 41 6 2 | 35 184 | 57 9 125 57 | 20
330 325 15 42 38 | 50 203 | 26 | 52 | 22 33 4
360 354 49 19 15 [2 221 56 | 35 19 8 | 48
[ле | Гыкыжть | Пмуывы |
1 0° | 59' | 8” | 17” | 13| 12° | 31" 36’ | 59” | 25” | 53"| 1"| 28"
2 1 58 16 | 34 26 | 25 2 13 | 58 [51 46 | 22 56
3 2 | 57 24 51 39 | 37 33 50 | 58 17 39 34 24
4 3 | 56 33 8 52 | 50 4 27 57 43 32 45 52
5 4 | 55 |4! 26 6 2 35 4 | 51 9 25 | 57 20
6 5 |154 | 49 | 43 19 | 15 6 41 56 | 35 19 8 48
7 6 | 53 | 58 0 32127 37 4 18 | 56 1 12 16
8 7 | 53 6 17 45 | 40 8 4 | 55 |155 |2 5 44
9 8 | 52 14 | 34 58 | 52 39 5 | 32 | 54 | 52 58 12
НАНННАНННАВНННЯЯ
11 50 9 25 17 6 53 | 44 45 6 8
12 49 26 38 30 7 53 10 38 17 36
13 48 47 51 42 43 8 О | 52 36 31 29 4
АННА ИННЕАНАЕНВ
15 47 4 18 7 45 9 14 | 51 28 17 52 0
ННАННАНННИННАНЯ
17 16 45 52 44 32 47 10 28 30 20 4 56
18 17 | 44 9 | 57 | 45 [18 |1 5 | 49 | 45 | 57 24
18 37 27 10 | 57 49 11 42 49 11 50 37 52
19 45 | 44| 24 |110 | 20 [12 | 19 [48 | 37 | 43 | 49 | 20
20 54 1 37 22 51 12 | 56 | 48 3 37 0 48
21 41 2 18 50 35 22 13 33 47 29 12 16
НАНАННЕННВАНАЯЯ
23 39 18 | 53 17 0 24 14 47 46 21 35 12
25 24 | 38127 10 30 12 55 15 45 | 47 9 | 46 40
ННАНЫНННИАНАЕЯ
27 26 36 43 44 56 37 57 16 44 | 38 56 9 36
28 27 35 | 52 9 | 50 28 17 15 | 44 4 49 21 4
29 28 35 0 23 2 59 17 52 | 43 30 42 32 32
30 29 34 8 36 15 30 18 29 | 42 | 56 35 44 0
