70 11.13. Таблица зенитных расстояний и углов эклиптики
Параллель через Нижний Египет. [Наибольший день] 148. [Высота полюса] 30;22°
Часы Дуги Углы Углы Часы Дуги Углы Углы
восточные западные восточные западные
К |
6° 31’ 90° 0’ — 54? 13' 90° 0’ —
14 56 150 0 30° 0’ 56 6 105 34 74° 26’
27 23 159 38 20 22 61 22 119 23 60 37
3 40 19 160 30 19 30 3 69 17 130 46 49 14
4 53 14 158 51 21 9 4 78 59 139 30 40 30
5 65 55 156 0 24 0 5 90 0 146 28 33 32
6 78 15 151 49 28 11
7 90 0 146 28 33 32
9 52 102 30 — 50 52 77 30 —
16 45 153 13 51 47 52 53 93 39 61 21
28 44 166 22 38 38 58 27 107 51 47 9
3 41 31 169 26 35 34 3 66 44 119 1 35 59
4 54 27 169 8 35 52 4 76 51 127 37 27 23
5 67 17 167 1 37 59 5 88 9 133 43 21 17
6 79 48 163 46 41 14 59 134 49 20 11
6 51 90 0 159 49 45 11
0 18 42 111 0 — 42 2 69 0 —
1 23 18 145 18 76 42 44 26 87 32 50 28
2 33 30 162 25 59 35 50 58 102 38 35 22
3 45 36 169 34 52 26 3 60 19 113 33 24 27
4 58 21 172 10 49 50 4 71 20 120 56 17 4
5 71 15 172 28 49 32 5 83 19 125 54 12 6
6 84 7 171 5 — 50 55 5 32 127 55 105
6 28 | 90 0 169 55 52 5
30 22 113 51 — 30 22 66 9 —
33 35 137 52 90 10 33 35 89 50 42 28
41 39 154 19 73 23 41 39 106 37 25 41
3 52 25 164 10 63 32 3 52 25 116 28 15 50
4 64 28 169 47 57 55 4 64 28 122 5 10 13
5 77 6 172 21 55 21 5 77 6 124 39 7 39
[6 | 90 [ 132 [| 5413 |6 [900 [ 12541 | би |
42 2 111 0 Щ— 18 42 69 0 —
44 26 129 32 92 28 23 18 103 18 34 42
50 58 144 38 77 22 33 30 120 25 17 35
3 60 19 155 33 66 27 3 45 36 127 34 10 26
4 71 20 162 56 59 4 4 58 21 130 10 7 50
5 83 19 167 54 54 6 5 71 15 130 28 7 32
5 32 169 55 52 5 6 84 7 129 5 8 55
6 28 | 90 0 127 55 105
0 50 52 102 30 — 0 9 52 77 30 —
1 52 53 118 39 86 21 1 16 45 128 13 26 47
2 58 27 132 51 72 9 2 28 44 141 22 13 38
3 66 44 144 1 60 59 3 41 31 144 26 10 34
4 76 51 152 37 52 23 4 54 27 144 8 10 52
5 88 9 158 43 46 17 5 67 17 142 1 12 59
59 159 49 45 1 6 79 48 138 46 16 14
6 51 | 9 0 134 49 20 11
