68 П.13. Таблица зенитных расстояний и углов эклиптики
Параллель через Мероэ. [Наибольший день] 138. [Высота полюса] 16;27°
Часы | Дуги Углы Углы Часы | Дуги Углы Углы
восточные западные восточные западные
м |
0* | 724’ 90° 0’ — 0" | 40° 18’ 90° 0’ —
1 15 55 25 16 154° 44' 1 42 54 111 24 68° 36'
2 29 3 9 15 170 45 2 49 48 128 51 51 9
3 42 42 1 38 178 22 3 59 35 141 49 38 11
4 56 25 175 7 4 53 4 71 4 151 25 28 35
5 70 2 170 18 9 42 5 83 31 158 48 21 12
83 27 164 41 15 19 5 30 161 57 18 3
9 0 161 57 18 3
43 102 30 — 0 36 57 77 30 —
14 20 26 3 178 57 1 39 46 100 12 54 48
28 42 15 28 9 32 2 47 15 118 5 36 55
42 43 105 14 55 3 57 33 131 3 23 57
56 49 6 19 18 41 4 69 30 139 48 15 12
70 38 2 33 22 21 5 82 18 146 43 8 14
6 84 17 177 0 28 0 5 35 149 51 59
6 25| 90 0 174 51 30 9
4 47 11 0 — 28 7 69 0 —
15 20 оо 42 0 31 46 97 0 41 0
29 28 80 340 40 52 115 59 22 1
3 43 40 9 15 32 45 3 52 30 127 23 10 37
4 58 13 8 39 33 21 4 65 40 134 41 3 19
5 72 36 6 53 35 7 5 79 18 139 41 178 19
86 41 5 37 36 23 5 46 175 51
900 4 9 37 51
16 27 113 51 — 16 27 66 9 —
22 8 154 53 72 49 22 8 107 11 25 7
33 50 173 17 54 25 33 50 125 35 6 43
3 47 20 1 23 46 19 3 47 20 133 41 178 37
4 | 61 22 58 42 34 4 | 61 22 137 26 174 52
5 75 39 79 40 33 5 75 39 139 27 172 51
[ето | 1724 [ 40 |б [ о | 13942 | 11236 _
28 7 по — 4 47 69 0 —
31 46 139 0 830 15 20 138 0 180 0
40 52 157 59 64 1 29 28 146 0 172 0
52 30 169 23 52 37 43 40 147 15 170 45
65 40 176 41 45 19 58 13 146 39 171 21
79 18 141 40 19 72 36 144 53 173 7
37 51 86 41 143 37 174 23
90 142 9 175 51
о Бы |
36 57 102 30 — 4 3 77 30 —
39 46 125 12 79 48 14 20 13 153 57
47 15 143 5 61 55 28 42 170 28 164 32
3 57 33 156 3 48 57 3 42 43 165 5 169 55
4 69 30 164 48 40 12 4 56 49 161 19 173 41
5 82 18 171 43 33 17 5 70 38 157 33 177 27
5 35 174 51 6 84 17 152 0 зо
6 25 90 149 51 59
