11.13. Таблица зенитных расстояний и углов эклиптики 71
Параллель через Родос. [Наибольший день] 14%. [Высота полюса] 36;0°
Часы Дуги Углы Углы Часы Дуги Углы Углы
восточные западные восточные западные
ОХ ЗОО ООО < ОИ
ой | 129’ 90° 0’ _ 0" | 59°51' 90° 0’ _
1 17 47 133 14 46° 46' 1 61 30 103 45 76° 15'
2 28 22 147 45 32 15 2 66 12 116 10 63 50
3 40 27 151 46 28 14 3 73 22 126 36 53 24
4 52 36 151 52 28 8 4 82 24 134 56 45 4
5 64 36 149 54 30 6 4 45 90 0 140 1 39 59
6 76 16 146 25 33 35
7 87 23 141 30 38 30
7 15 90 0 140 1 39 59
0 15 30 102 30 — 0 56 30 77 30 —
1 20 20 139 32 65 28 1 58 14 91 39 63 31
2 30 28 155 19 49 41 2 63 13 104 23 50 37
3 42 6 160 37 44 23 3 70 41 114 47 40 13
4 54 12 162 11 42 49 4 80 2 122 47 32 13
5 66 17 161 5 43 55 4 56 90 0 128 36 26 24
6 78 7 158 10 46 50
7 89 27 153 39 51 21
74 90 153 36 51 24
0 24 20 11 0 — 0 47 40 69 0 —
1 27 51 137 38 84 22 1 49 42 84 50 53 10
2 36 24 153 59 68 1 2 55 26 98 20 39 40
3 47 14 162 10 59 50 3 63 48 108 34 29 26
4 59 0 165 40 56 20 4 73 55 115 51 22 9
5 77 5 166 34 55 26 5 85 5 120 28 17 32
6 83 9 165 30 56 30 5 25 122 2 15 53
6 35 90 164 7 57 53
0 36 0 113 51 — 0 36 0 66 9 —
1 38 37 133 23 94 19 1 38 37 85 41 46 37
2 45 31 148 23 79 19 2 45 31 100 47 31 37
3 55 6 158 9 69 33 3 55 6 110 27 21 51
4 66 9 163 58 63 44 4 66 9 116 16 16 2
5 77 56 166 36 61 6 5 77 56 118 54 13 24
6 [ 90 | 15 | 55 |6 | 90 [ 1209 [ 19°
0 47 40 11 0 — 0 24 20 69 0 —
1 49 42 126 50 95 10 1 27 51 95 38 42 22
2 55 26 140 20 81 40 2 36 24 111 59 26 1
3 63 48 150 34 71 26 3 47 14 120 10 17 50
4 73 55 157 51 64 9 4 590 123 40 14 20
5 85 5 162 28 59 32 5 7 5 124 34 13 26
5 25 164 7 57 53 6 83 9 123 30 14 30
6 35 90 0 122 7 15 53
0 56 30 102 30 — 0 15 30 77 30 —
1 58 14 116 39 88 21 1 20 20 114 32 40 28
2 63 13 129 23 75 37 2 30 28 130 19 24 41
3 70 41 139 47 65 13 3 42 6 135 37 19 23
4 80 2 147 47 57 13 4 54 12 137 п 17 49
4 56 9 0 153 36 51 24 5 66 17 136 5 18 55
6 78 7 133 10 21 50
7 89 27 128 39 26 21
7 4 90 128 36 26 24
