112 ГУ.4. Таблицы средних движений Луны
ходы о , ” .,’ У У. о , ‚, 9 ИИ ов аь
| 129 | 22| 46 13| 50| 321 30| 881 43 7 28 | 41 13| 55
2 258 | 45| 32| 27| 41 5 0} 177| 26 141 57 22| 27| 50
3 28 8 18 | 41 31 371 30| 266 9| 22| 26 3 41 45
4 157 | 31 4| 55| 22| 10 О | 354 | 52| 29| 54] 44| 551 40
5 286 | 53| 51 9| 121! 42| 30| 83| 35| 371 23 26 9| 35
6 56 16 { 371 23 3| 15 О | 172 18 | 44| 52 7| 23| 30
7 185 | 391 23| 36| 53| 47| 30| 261 1| 52! 20| 48 37| 25
8 315 2 9| 50| 44| 20 0 | 349 | 44| 59| 49| 29| 51 20
9 84 | 24! 56 4| 34|] 52| 30|] 781 28 7 18 [в 5 15
10 213| 47| 42 18| 25| 25 0 | 167 |9 14| 46| 52 19 10
| 343 10| 28| 32 15| 57| 3012551 54| 22 15| 33| 33 5
12 112 | 33 14| 46 6} 30 0 | 344 | 37| 29| 44 14] 47 0
13 241 56 0| 59] 57 2| 30| 73| 20, 37 12| 56 0; 55
14 [Ш 18 47 13| 47| 35 О | 162 3| 44| 4 37 14| 50
15 140 | 41 33| 27| 38 7| 30| 2501 46| 52 10 18 | 28 45
16 270 4 19| 41 28 | 40 0 | 339| 29, 59| 38| 591 42| 40
17 39| 27 5| 55 19| 12| 30| 78 13 7 7 40 | 56| 35
18 168 | 49| 52 9 9: 45 01 156 | 56 14| 36 22 10| 30
1 32| 56| 27| 26| 23| 46 32| 39| 44| 50| 44| 40
2 5| 52| 54| 52| 47| 32 5 19, 29] 41 29, 20
3 38| 49| 22 19| 11 18 37 | 59 14 | 32 14 0
4 2111 45 | 49| 45| 35 5 2 10| 38| 59. 22| 581 40
ВЕНЕ
6 3 11| 38| 44| 38| 22| 37 3 15 | 58 29 4 | 28 0
7 3| 50| 35 12 4| 46| 23 3| 48| 38 13| 55 12| 40
8 4| 23| 31 39| 31 101 0 4] 21 17| 58| 45| 57| 20
9 4| 56| 28 6| 57! 33| 56 4| 53| 57| 43| 36| 42 0
10 5| 29| 24: 34| 23| 57| 42 5| 26| 37 28 | 27 26| 40
11 6 2| 21 1 501 21 28 5| 59 7 13 18 ГИ 20
12 6 | 35 Е 29 16 | 45| 15 6|_ 31 56 | 58 8 | 56 0
13 7 8 56 | 43 9 1 7 4} 36| 42} 59| 401 39
14 7| 41 24 9| 32| 47 7| 37 16 | 27| 50| 25 19
15 8 | 14 51 35 | 56| 33 8 9| 56 12] 41 9/59
16 8| 47 3 19 2} 20| 20 8| 42| 35| 571 31 54| 39
18 9! 52| 56 13 | 55 7| 52 9| 47| 55| 27 13 23 | 59
19 25| 52| 41 21 31 38 20| 35 12 4 8| 39
20 58 | 49 8| 47| 55| 25 53 14| 56| 54| 53 19
21 31 45 | 36| 14| 19 | 25| 54| 4! 45 | 37| 59
22 12 4| 42 3| 40| 42| 57 И 58| 34| 26| 36| 22| 39
23 12| 371! 38| 31 7 6 | 43 12| 31 14 11 27 7 19
24 13 10| 34| 58| 33: 30| 30 13 3| 53| 56 17 51 59
