ТУ.4. Таблицы средних движений Луны 113

годы о р „ ти о Нин о ‚ „ ни нони
148 | 42| 471 12; 44| 25 5 | 129| 37| 21 28| 29| 23| 55

297| 25| 34| 25| 28| 50| 10| 259| 141 42| 56| 58| 471 50

86 8| 21 38 | 13] 15| 15| 28| 52 4| 25| 28 1 45

4 234 | 51 8| 50| 57| 40| 2011581 29| 251 53| 57| 351 40

6 172 | 16| 431 16] 26| 30| 30| 57| 44 8| 50|] 561 23| 30

7 320 | 59| 30| 29| 10| 55| 351 187| 2 301 19| 25| 47| 25

8 109| 42| 17| 41| 55| 20| 40| 316| 58| 51| 47| 55 п 20

9 258 | _25 4| 54| 39| 45| 45| 86] 36| 13| 161 24| 35| 15

10 47 7| 52 7| 24| 101 501216 | 13| 34| 44| 531 59| 10

11 195 | 50| 39| 20 8| 35| 55| 345 | 50| 56| 13| 23| 23 5

12 344 | 33| 26| 32| 53 1 0 | 115 | 281 17| 41 52| 47 0

13 133 | 16| 13| 45| 37| 26 5 | 245 5| 39| 10| 22110 55

14 281 | 59 0| 58| 21: 51 10| 14| 43 0| 38: 51 34| 50

15 70 | 41 48 | 11 6| 16] 15| 144| 20| 22 7| 20| 58| 45

16 219| 24| 35| 23| 50] 41| 20| 273| 57| 43| 35| 50|] 22| 40

17 8 7| 22| 361 35 6 | 251 431 35 5 4| 19| 46| 35

18 156 | 50 9| 49| 19| 311 301173] 12|] 26| 32|] 49. 10| 30
НЕЕ ЕЕЕ

2 6 8| 48| 19 4| 43 57 13| 26| 41 30

3 39| 13| 12] 28} 37 5 25 | 50| 10 2] 15

4 2| 12| 17| 36| 38 26 2 1| 54| 26| 53| 23 0
НЕНЕЕНЕНЕНИНЕЕ
6 31 18| 26] 24] 57 9 3 2151 40 | 20 4| 30

7 3| 51 30 | 49 6| 46| 31 3! 331 20117 3| 25| 15

9 4| 57| 39, 37| 25| 51 14 4| 34] 171 30] 30 6 | 45

10 5| 301 44 1| 35| 231 35 5 4| 46 7 13| 27| 30

11 6 3| 48| 25| 441 55| 57 5| 35| 14| 43| 56| 48| 15

12 6| 36| 52| 49| 54| 28| 18 6 5| 431 20] 40 9 0

13 7 9| 57| 14 4 0 40 6| 36 57| 23| 29| 44
ИЕРЕИНЕЕЕЕЕЕ

15 8| 16 6 2| 23 5|_23 7| 37 10|] 50] п 14

16 8| 49 26| 32| 37| 45 8 7| 37| 47| 33| 31| 59

17 9| 22 50| 421 10 6 8| 38 6 | 24 16 | 521 44

: 18 9 | _55 14| 51| 42| 28 9 8| 35 1 01 13| 29
НЕЕ НЕНИЕНЕЕВ

20 п 1 28 3 1014711 9| 32| 14: 26| 54| 59

21 11 34| 32| 27| 20| 19| 32 40 0| 5! 10| 15] 44

22 12 7| 36| 51 291 51| 54| И 29| 27| 53| 36| 29

23 12| 401 41 15| 39| 241 15| И 58 4| 36| 57| 14

24 13| 13| 45| 39| 481 56| 37| 12 26 | 41 20 | 17] 59
