24 1.11. Таблица прямых в круге
доли . доли

90° 85Р 13’ 20" 0’ 44” 8” 113° 100? 3’ 59" 0’ 34" 34"
91 85 35 24 0 43 57 113% 100 21 16 0 34 20
91 85 57 23 0 43 45 114 100 38 26 0 34 6
92 86 19 15 0 43 33 11452 100 55 28 0 33 52
92/2 86 41 2 0 43 21 115 101 12 25 0 33 39
93 87 242 0 43 9 1152 101 29 15 0 33 25
932 87 24 17 0 42 57 116 101 45 57 0 33 11
94 87 45 45 0 42 45 1162 102 233 0 32 57 |
94% 8877 0 42 33 117 102 19 1 0 32 43
95 88 28 24 0 42 21 117% 102 35 22 0 32 29
95/2 88 49 34 0 42 9 118 102 51 37 0 32 15
96 89 10 39 0 41 57 118% 1037 44 0 32 0
96 89 31 37 0 41 45 119 103 23 44 0 31 46
97 89 52 29 0 41 33 119% 103 39 37 0 31 32
97% 90 13 15 0 41 21 120 103 55 23 0 31 18
98 90 33 55 041 8 12052 10411 2 031 4
98% 90 54 29 0 40 55 121 104 26 34 0 30 49
99 91 14 56 0 40 42 1212 104 41 59 0 30 35
99% 91 35 17 0 40 30 122 104 57 16 0 30 21
1002 92 15 40 0 40 4 123 105 27 30 0 29 52
101 92 35 42 0 39 52 1232 105 42 26 0 29 37
1012 124 105 57 14 0 29 23
102 93 15 27 0 39 26 124% 106 11 55 0 29 8
1022 0 39 13 125 106 26 29 0 28 54
103 93 54 47 039 0 125% 106 40 56 0 28 39
103% 94 14 17 0 38 47 126 106 55 15 0 28 24
104 94 33 41 0 38 34 1262 107 927 0 28 10
105 95 12 9 0 38 8 127% 107 37 30 0 27 40
105% 95 31 13 0 37 55 128 107 51 20 0 27 25
106 95 50 11 0 37 42 1282 108 5 2 0 27 10
1062 96 9 2 0 37 29 129 108 18 37 0 26 56
107 96 27 47 0 37 16 1292 108 32 5 0 26 41
1072 96 46 24 0 37 3 130 108 45 25 0 26 26
108 97 455 0 36 50 13052 108 58 38 0 26 11

0 36 36 131 109 11 44 0 25 56
109 97 41 38 0 36 23 131% 109 24 42 0 25 41
1092 97 59 49 0 36 9 132 109 37 32
110% 98 35 52 0 35 42 133 110 250 0 24 56
111 98 53 43 0 35 29 1332 110 15 18 0 24 41
1112 99 11 27 0 35 15 134 110 27 39 0 24 26
112 99 29 5 0 35 1 134% 110 39 52 0 24 10
