1Х.4. Таблицы средних движений пяти планет 295
Меркурий
Среднее положение [для начальной эпохи] Место апогея 1;10° Весов.
по долготе 0;45° Рыб Среднее положение по аномалии 21;55°
периоды
18  |355° | 37’ | 25" 20/"| 34"| 307" | 251° 45" | 45" | 53°] 45'| 0"
36 351 14 | 51 41 9 О 1142 31 |3 47 | 30 0
54 346 | 52 [| 16 1 | 43 30 | 33 17_| 17 41 15 0

72 29 25 18 284 3 3 35 0
90 7 1 52 175 48 | 49 28 | 45
108 44 38 27 66 34 | 35 22 | 30

ЕЗНЕАНАВЕННАННИЯН
144 59 | 24 | 50 44 208 6 6 7 0
162 36 | 50 |127 5 99 6151 | 53 45
180 316 | 14 | 16 25 | 45 350 7 | 37 | 38 57 | 30
198 311 [51 141 46 | 19 241 8 | 23 | 24 51 15
216 307 | 29 7 6 | 54 132 9 9 [10 45 0
234 303 32 | 52 27 | 28 23 54 | 56 45
252 298 58 | 28 48 3 274 40 | 42 30
270 294 24 5 8 | 37 165 26 | 28 15
288 289 | 58 | 49 | 41 29 56 12 | 14 20 0
306 285 | 36 | 15 | 17 49 307 58 0 13 | 45
324 281 13 40 54 10 198 43 46 7 30
342 276 |5! 6 30 | 55 89 | 14129 | 32 1 15
360 272 | 28 | 32 51 | 30 340 | 15 | 15 | 17 55 0
378 268 5 57 12 4 231 16 1 3 48 45
396 263 | 43 | 23 |19 32 | 39 16 | 46 | 49 30

ЕН НАНАНЫНЫЕ
432 254 58 14 32 13 48 18 18 2! 0
450 250 | 35 | 40 8 34 | 22 155 4 7 23 | 45
468 246 | 13 5 | 44 54 |571 46 49 | 53 17 130
486 241 50 31 21 15 31 297 35 39 ЕН 15
504 237 | 27 | 56 | 57 36 [и 188 21 | 25 5 0
522 233 5 | 22 | 33 56 | 40 79 71ю0 58 | 45
540 228 | 42 | 48 | 10 17_| 15 330 52 | 56 52 | 30
558 224 | 20 46 37 | 49 23 | 38 | 42 46 | 15
576 219 | 57 22 58 | 24 24 | 24 | 28 40 0
| 594 215 | 35 59 18 | 58 25 | 10 [14 33 | 45

ЕаННННААНАННАНИВ
630 206 | 49 | 56 | 12 7 145 | 26 |4! | 46 21 15
648 202 | 27 | 21 | 48 42 36 | 27 |127 | 32 15 0
666 198 47 | 24 16 287 | 28 | 13 | 18 8 | 45
! 684 193 13 1 51 178 | 28 | 59 4 2 |130
702 189 38 | 37 25 69 | 29 | 44 | 49 56 | 15
720 184 | 57 4 | 13 320 35 50 0

ЕЕ НН ВННОНАНВ
756 176 |1: | 55 | 26 102 7 37 | 30
774 Е | 49917 2 44 | 43 353 47 | 53 31 15
792 167 | 26 | 46 | 39 5 | 18 244 33 | 39 25 0
й 810 163 4 | 12 | 15 25 | 52 135 19 | 25 18 | 45
