292 1Х.4. Таблицы средних движений пяти планет
Венера
Среднее положение [для начальной эпохн] Место апогея 16;10° Тельца.
по долготе 0;45° Рыб Среднее положение по аномалнн 71;7°
периоды
18 |355 | 37'| 25" 207"| 34"| 30""| 90° | 27’ 34" | 23°] 46" | 30"
36 351 14 | 51 41 9 О |180 | 55 8 47 | 33 0
54 346 | 52 | 16 1_| 43 30 |271 | 23 43 11 19 30
72 29 25 18 50 | 58 | 17 35 6
ВА ЕНННААЕННЯЯЕ
108 44 38 27 46 |[27 126 22 | 39
126 21 | 59 | 14 24 273 12 0 25
144 59 | 24 | 50 44 3 56 | 35 12
162 36 | 50 127 5 94 41 9 58
180 316 | 14 116 25 | 45 184 | 37 | 25 | 43 57 | 45
АННЕ НЯНННЯЕ
216 307_| 29 7 6 | 54 5_| 32 | 54 | 52 45_| 18
234 303 32 | 52 27 | 28 96 0 | 39 | 27 9 4
252 298 58 | 28 48 3 186 | 28 | 24 1 32 | 51
270 294 24 5 8 | 37 276 | 56 8 | 35 56| 37
288 289 | 58 | 49 |4! 29 7 | 23 |153 110 20 | 24
306 285 | 36 | 15 117 49 97 | 51 137 | 44 44 | 10
324 281 13_| 40 | 54 10 188 | 19 | 22 [19 7157
342 276 | 51 6 30 | 55 278 | 47 6 | 53 К
360 272 | 28 | 32 51 | 30 9 114 |151 | 27 55
378 268 5 | 57 12 4 99 | 42 | 36 2 19
ЕАНРАНАНАННАНЯНЫ
414 259 | 20 | 48 | 55 53 | 13 280 | 38 5|1и
432 254 | 58 | 14 | 32 13 | 48 11 5 | 49 | 45
450 250 | 35 | 40 8 34 | 22 101 19 54 | 22
468 246 13 5 | 44 54 |571 192 54 18 9
486 241 | 50 [31 [21 15 | 31 282 28 41 | 55
504 237 | 27 | 56 | 57 36 6 56 | 48 3 5 | 42
522 233 5 | 22 | 33 56 | 40 24 | 32 | 37 29 | 28
540 228 | 42 | 48 10 17 15 52 17 11 53 15
558 224 | 20 46 37 | 49 284 | 20 46 17 1
576 219 | 57 22 58 | 24 14 | 47 20 40 | 48
594 215 | 35 59 18 | 58 105 15 55 4 | 34
612 211 | 12130 | 35 33 195 15 28 |21
630 206 | 49 | 56 | 12 7 286 0 52 7
648 202 27 21 48 42 16 44 15 54
666 198 47 | 24 16 107 29 | 12 39 | 40
684 193 13 1 51 197 13 |147 3127
702 189 38 | 37 25 288 58 | 21 27 13
720 184 [57 4 13 18 | 29 | 42 | 55 51
738 180 134 | 29 | 50 108 | 57 | 27 | 30 14
756 176 111 | 55 | 26 199 | 25 | 12 4 38
774 171 | 49 2 44 289 | 52 | 56 | 39 19
792 167 | 26 39 5 20 | 20 |4! 13 6
810 163 4 15 25 110 | 48 | 25 | 47 52
