54 1.8. Таблица времен восхода по дугам в десять градусов
Знаки | Десяти- Геллеспонт Средний Понт Устья Борисфена
зодиака | градус- | Изибольший день 158 | Наибольший день 152° | Наибольший день 16"
Е
времена времена времена
Овен 5 40 5 40 58 58 4 36 4 36
5 47 11 27 5 14 10 22 4 43 9 19
6 5 17 32 5 33 15 55 5 1 14 20
Телец 10 6 29 24 1 5 58 21 53 5 26 19 46
20 74 31 5 6 34 28 27 6 5 25 51
30 7 46 38 51 7 20 35 47 6 52 32 43
10 8 38 47 29 8 15 44 2 7 53 40 36
20 9 32 57 1 9 19 53 21 95 49 41
30 10 29 67 30 10 24 63 45 10 19 60 0
10 ии 78 51 11 26 75 11 11 31 71 31
20 12 2 90 53 12 15 87 26 12 29 84 0
30 12 30 103 23 12 53 100 19 13 15 97 15
Лев 10 12 46 116 9 13 12 113 31 13 40 110 55
20 12 52 129 1 13 22 126 53 13 51 124 46
30 12 51 141 52 13 22 140 15 13 54 138 40
Дева 10 12 45 154 37 13 17 153 32 13 49 152 29
20 12 43 167 20 13 16 166 48 13 47 166 16
30 12 40 180 0 13 12 180 0 13 44 180 0
Весы 10 12 40 192 40 13 12 193 12 13 44 193 44
20 12 43 205 23 13 16 206 28 13 47 207 31
30 12 45 218 8 13 17 219 45 13 49 221 20
Скорпион 12 51 230 59 13 22 233 7 13 54 235 14
12 52 243 51 13 22 246 29 13 51 249 5
12 46 256 37 13 12 259 41 13 40 262 45
Стрелец 12 30 269 7 12 53 272 34 13 15 276 0
12 2 281 9 12 15 284 49 12 29 288 29
11 21 292 30 11 26 296 15 11 31 300 0
Козерог 10 10 29 302 59 10 24 306 39 10 19 310 19
20 9 32 312 31 9 19 315 58 9 5 319 24
30 8 38 321 9 8 15 324 13 7 53 327 17
Водолей 10 7 46 328 55 720 331 33 6 52 334 9
20 74 335 59 6 34 338 7 65 340 14
30 6 29 342 28 5 58 344 5 5 26 345 40
Рыбы 10 6 5 348 33 5 33 349 38 51 350 41
20 5 47 354 20 5 14 354 52 4 43 355 24
30 5 40 360 0 58 360 0 4 36 360 0
