110 1У.4. Таблицы средних движений Луны
периоды [В начальную эпоху]: 12;22° [В начальную эпоху]: 268;49°

18 168 | 49.) 52 9 9| 45 156 | 56| 141! 36 10

36 337 | 39| 44| 18 19| 30 313 | 52| 29| 12 21

54 146 | 29|] 36| 27| 29| 15 110 | 48| 43| 49 31

72 315 | 19| 28| 36| 39 267 | 44| 58| 25| 281 42

90 124 9| 20|] 45| 48 64 | 41 13 1 50| 52

108 292 | 59| 121! 54| 58 221 371 271 38 13 3
АННЕННИВНЕННВЕЕ

144 270 | 38, 357 18 0 175 56| 50| 571 24

162 79 28 49 27 45 332 11 27 19 34

180 248 18| 41 31 37: 30 129 | 221 26 45

198 57 8| 331 401 47 15 286 | 18| 40 55

216 225 | 58| 25| 49| 57 0 83 | 14| 55 6

234 34| 48 17| 59 45 240 | 11 9| 52] 48 16

252 203 | 38 10 8 30 37 7| 24| 29| 10| 27

270 12 | 28 2] 17 15 194 31 39 5| 321 37

288 181 17| 54| 26| 36 350 41 54 | 48 0

306 350 7| 46| 35| 45 147 18 16 | 58| 30

324 158 | 57| 38| 44| 55 304 54| 39 9 0
ЕАРЕНАНИНВЕЕНИАЕ

360 136 | 37| 23 3] 15 0 258 | 44| 52 7| 23| 30

378 305 | 27 15| 121 24| 45 55 | 41 6| 43| 451 40

396 114 17 7 21 34 30 212 37 21 7 $1

414 283 6| 59| 30| 44| 15 9| 33| 35 30 1

432 91 56 | 51| 39| 354 0 166 | 29| 50 52| 12

450 260 | 46| 43| 49 31 45 323 | 26 91| 14

468 69! 36| 351 581 131 30 120 | 22 45 | 36

486 238 | 26| 28 7| 23 15 277 | 18 21 | 58

504 47 16| 20| 16 0 74| 14|! 48| 58 54

522 216 6| 12] 25 45 231 11 3| 34 4

540 24| 56 4| 34 30 28 7 18| 11 15

558 193 | 45| 56| 44 2| 15 185 3| 32| 47| 27| 25

576 2| 35| 48| 53| 12 0 341 | 59| 47| 23| 49| 36

594 171 25| 41 2| 21 45 138 | 56 2 0| 11 46

612 340 | 15| 33| Ш 30 295 | 52| 16! 36| 33| 57

630 149 $5| 25| 20 15 92} 481 31 12! 56 7

648 317[ 55| 17| 29 0 249 | 44| 45| 49| 18| 18

666 126 | 45 39 0| 45 46 | 41 01! 25 28

684 295 | 35 48| 10| 30 203 | 37 15 2 39

702 104 | 24 57| 20| 15 01| 33| 29| 38 49

720 275 | 14| 46 6| 30 1571 291 44) 141 47 0

738 82 4| 38| 15| 39 314| 25| 58| 51 9| 10

756 250 | 54| 30| 24| 49 11| 22| 13| 27| 31| 21

774 59| 44 33| 59 268 | 18| 28 3| 53| 31

792 228 | 34 43 9 65 | 14| 42| 40| 15| 42

810 37| 24 52| 18 222 | 10| 571! 16, 371! 52
