198 И1.8. Таблицы затмений
| Лунные затмения
Аргумент Пальцы | Доли Поло- Аргумент Пальцы | Доли Поло-
широты погру- |вина широты погру- | вина
жения |пребы- жения | пребы-
вания вания
оаэ |512] ||
79° 12'’| 280° 48' 0’ 0” 77° 48'| 282° 12’ 0’ 0”
79 42 | 280 18 16 59 78 22 |281 38 19 9
80 12| 279 48 23 43 78 56 |281 4 26 45
80 42| 279 18 3 28 41 7930 | 280 30 3 32 20
81 12| 278 48 4 32 42 804 | 279 56 4 36 53
81 42 | 278 18 5 36 6 80 38 | 279 22 5 40 42
82 12| 277 48 6 39 1 8112 | 278 48 6 43 59
82 42| 277 18 7 41 34 81 46 | 278 14 7 46 53
83 12| 276 48 8 43 50 8220 |277 40 8 49 25
83 42} 276 18 9 45 48 82 54 |277 6 51 40
84 12| 275 48 10 47. 35 83 28 | 276 32 53 39
84 42| 275 18 11 49 9 842 |275 58 55 25
85 12| 274 48 50 3! 84 36 | 275 24 56 59
85 42| 274 18 40 35 11’ 9”]|] 8510 [274 50 45 47 | 12’ 34”
86 12| 273 48 37 28 15 20 | 8544 | 274 16 42 15 17 17
86 42 | 273 18 15 35 30 | 18 12 | 8618 | 273 42 15 40 2 20 32
87 12| 272 48 16 34 6 | 2022 | 8652 |273 8 16 38 28 22 58
87 42 | 272 18 17 33 7 |22 0 | 8726 | 272 34 17 37 20 24 49
88 12| 271 48 18 32 23 | 23 14 880 |272 0 18 36 37 26 1
88 42 | 271 18 19 3151 | 24 8 | 8834 | 271 26 19 35 55 27 13
89 12| 270 48 20 31 32 | 24 43 898 | 270 52 20 35 34 27 52
89 42 | 270 18 31 22 |125 1 8942 |270 18 21 35 22 28 12
90 0| 2700 3120 |25 4 900 |270 0 | Полное | 35 20 28 16
90 18 | 269 42 31 22 |25 1 90 18 | 269 42 21 35 22 28 12
90 48 | 269 12 20 31 32 | 2443 | 9052 |269 8 20 35 34 27 52
91 18| 268 42 19 31 51 24 8 | 9126 | 268 34 19 35 55 27 13
91 48| 268 12 18 32 23 | 23 14 920 | 268 0 18 36 37 26 1
92 18| 267 42 17 33 7 [22 0 | 9234 1267 26 17 37 20 24 49
92 48 | 267 12 16 34 6 | 20 22 938 | 266 52 16 38 28 22 58
93 18 | 266 42 15 35 30 | 18 12 | 9342 | 266 18 15 40 2 | 20 32
93 48 | 266 12 37 28 1520 | 9416 |265 44 42 15 1717
94 18 | 265 42 40 35 |11 9 [| 9450 [265 10 45 47 12 34
94 48 | 265 12 50 31 95 24 | 264 36 56 59
95 18| 264 42 49 9 95 58 |264 2 55 25
95 48 | 264 12 47 35 96 32 | 263 28 53 39
96 18| 263 42 45 48 976 | 262 54 51 40
96 48 | 263 12 8 43 50 9740 | 262 20 8 49 25
97 18| 262 42 7 41 34 98 14 |261 46 7 46 53 |
97 48 | 262 12 6 39 1 98 48 |261 12 6 43 59 !
98 18| 261 42 36 6 9922 | 260 38 5 40 42 |
98 48 | 261 12 32 42 9956 |260 4 4 36 53
99 18| 260 42 28 41 10030 |259 30 3 32 20
99 48 | 260 12 23 43 1014 | 258 56 26 45
100 18| 259 42 16 59 101 38 |258 22 19 9
100 48 | 259 12 оо 102 12 |257 48 оо
